1002 0.002 0.0001
0.75 -2 -0.5 0 1 0 0 0.533884 0.9966563 0.742154 0.05
0.0003 -1.8845395506 -1.04851149422 -0.780502541734 0 0 0 0.334837429346 0.52889436638 0.347540769521 0.02
0.0003 -1.93355874199 0.0941728429327 0.951237981934 0 0 0 0.275284151446 0.878178461576 0.821037109759 0.02
0.0003 -2.56328305863 -0.296173084579 -0.87066667804 0 0 0 0.335045934558 0.623267323358 0.366597281937 0.02
0.0003 -1.29021484286 -0.149376602682 0.556752159021 0 0 0 0.388790099367 0.620827328683 0.849927661116 0.02
0.0003 -2.061951795 0.192906216747 0.731317352448 0 0 0 0.0653510814347 0.882189674415 0.287216360889 0.02
0.0003 -1.40524481885 -0.468382935018 0.667165261488 0 0 0 0.376726156426 0.778375933221 0.971923572561 0.02
0.0003 -1.83860161487 -0.833692179543 1.13901172579 0 0 0 0.0166781026357 0.837762386933 0.9374034734 0.02
0.0003 -1.66476297187 0.269880504011 0.51248631078 0 0 0 0.193515333276 0.899219234387 0.250763393852 0.02
0.0003 -1.63226217043 -1.38395816979 0.248021841213 0 0 0 0.240757453109 0.935132034103 0.442099692559 0.02
0.0003 -2.03337948443 -0.116672611595 0.994253364175 0 0 0 0.268851563589 0.840802544964 0.860132760281 0.02
0.0003 -1.82967405763 -0.482283174043 0.85568816842 0 0 0 0.121774605836 0.626671973808 0.950929716056 0.02
0.0003 -1.07589311447 -0.405036228462 -0.502780328463 0 0 0 0.342883084465 0.43512440896 0.46099927822 0.02
0.0003 -2.7651184267 -0.201438186433 -0.245538108762 0 0 0 0.374853127527 0.791672396857 0.491658795229 0.02
0.0003 -1.98718503121 0.320900363396 -0.124054070273 0 0 0 0.0699998091803 0.341442224862 0.947337923751 0.02
0.0003 -1.97874241042 -0.458216803293 -1.09293298294 0 0 0 0.389851043734 0.916509936599 0.805488476568 0.02
0.0003 -2.0430206247 -0.397074956733 -0.963978957906 0 0 0 0.0347651554133 0.635286134026 0.628222523734 0.02
0.0003 -2.25805488108 -0.382694481781 -1.07212534271 0 0 0 0.189161086232 0.953942435559 0.387114958256 0.02
0.0003 -2.7905172544 -0.24770891295 0.626426762456 0 0 0 0.228623501521 0.435258355404 0.889883595154 0.02
0.0003 -1.37559232012 -0.629015848087 -0.90825839008 0 0 0 0.391291290486 0.93379583557 0.241960638271 0.02
0.0003 -1.2715185853 -0.837645858729 -0.771270499121 0 0 0 0.0672504447602 0.672418423806 0.202391452224 0.02
0.0003 -2.47131198886 -0.153660760991 0.826841327579 0 0 0 0.163587425793 0.630125102085 0.809042169401 0.02
0.0003 -1.92806885284 -0.870027446773 -0.935482669685 0 0 0 0.42618644773 0.394468765489 0.853137508129 0.02
0.0003 -1.04039852429 -0.290972814467 0.603081673136 0 0 0 0.289084459958 0.827358207758 0.639749318369 0.02
0.0003 -2.8640544818 -0.589468741404 -0.351120105103 0 0 0 0.348108842317 0.474092860217 0.266700206844 0.02
0.0003 -1.9434957558 0.250484518055 -0.505811156932 0 0 0 0.119115336252 0.516053673748 0.993869203932 0.02
0.0003 -1.52499193636 -1.29124512981 -0.0685558245411 0 0 0 0.0122867396529 0.398822166459 0.847605500195 0.02
0.0003 -1.42367173002 -0.0482154201513 -0.854402188271 0 0 0 0.333262124583 0.219960601214 0.487323268658 0.02
0.0003 -2.94832299922 -0.504550732962 0.724119951139 0 0 0 0.373340658677 0.410307821562 0.437583120231 0.02
0.0003 -2.88352845191 -0.674988522219 -0.12618965703 0 0 0 0.43723469465 0.565327591912 0.877395884054 0.02
0.0003 -2.75516516686 0.0834366680946 -0.534893915301 0 0 0 0.305334028217 0.444220311873 0.248076547367 0.02
0.0003 -2.81286884844 -1.19874467696 -0.0924079385004 0 0 0 0.0370189597594 0.506195955175 0.777814966075 0.02
0.0003 -1.2992739848 -0.232195228627 -0.552716859437 0 0 0 0.215142740157 0.287206753502 0.690383801789 0.02
0.0003 -1.8791356056 -1.51935423305 -0.245498956863 0 0 0 0.137086694272 0.210391673911 0.901712011338 0.02
0.0003 -2.10283070343 -1.53032954373 0.584559359089 0 0 0 0.11985096376 0.495925170083 0.375917332911 0.02
0.0003 -1.95571821933 -0.479028898188 1.0937947148 0 0 0 0.0593812339548 0.31443065522 0.206682916571 0.02
0.0003 -2.12543256837 -0.407078479626 1.12206227173 0 0 0 0.202828096819 0.869236782004 0.939878637006 0.02
0.0003 -1.99828918396 -0.596883379179 0.863063489639 0 0 0 0.123461006087 0.425138893045 0.923808886823 0.02
0.0003 -2.73611942594 -0.31390994208 0.367756200585 0 0 0 0.0742699231626 0.33740775012 0.839992300009 0.02
0.0003 -1.14749903979 -0.706826708736 0.225727739453 0 0 0 0.305512462446 0.221697041347 0.620794708922 0.02
0.0003 -1.66090425937 -1.14681532346 -0.34654274571 0 0 0 0.37673530993 0.620505657871 0.364826164616 0.02
0.0003 -2.54992486232 0.395652265075 -0.254983981797 0 0 0 0.257309753602 0.312505313175 0.997585633176 0.02
0.0003 -2.25582106065 -0.428712030672 0.805329387727 0 0 0 0.38934630102 0.847474580522 0.988583058203 0.02
0.0003 -1.99065573276 -0.505122434852 0.921890034272 0 0 0 0.0724024009058 0.429029321284 0.645760436264 0.02
0.0003 -2.17352503259 0.5378800763 -0.109388496181 0 0 0 0.0794821353634 0.560888619238 0.593133033684 0.02
0.0003 -1.10184303701 -0.293033650741 -0.244342431566 0 0 0 0.290306760506 0.922765735733 0.862664146206 0.02
0.0003 -2.80532981093 -0.992667542397 0.325955198584 0 0 0 0.0345612834732 0.202677215209 0.775008986578 0.02
0.0003 -1.62004427574 -0.77686359441 -0.759453609479 0 0 0 0.319611464499 0.638850053495 0.437441646304 0.02
0.0003 -1.41877643114 -0.318452555952 -0.85560168345 0 0 0 0.367492545511 0.570233934387 0.694651007948 0.02
0.0003 -1.98226057364 -1.07779531488 -0.73982663863 0 0 0 0.372337871044 0.825792664947 0.374835994426 0.02
0.0003 -1.68648850803 -0.519955434638 -0.910293488421 0 0 0 0.0835222494534 0.48322978155 0.928706212749 0.02
0.0003 -1.65504810306 -1.31888710873 -0.472522387568 0 0 0 0.29377116895 0.968428473666 0.672055306343 0.02
0.0003 -1.03316032755 -1.11624471753 -0.114662043068 0 0 0 0.409975198606 0.307694525458 0.304989545254 0.02
0.0003 -2.65496633935 -0.708980071704 -0.971014808966 0 0 0 0.29034909975 0.817340603986 0.724380224701 0.02
0.0003 -2.98892417007 -0.0208516753965 -0.00731002064525 0 0 0 0.275007621567 0.590553818989 0.968555295254 0.02
0.0003 -2.55541186091 -0.0843944970011 -0.893989134086 0 0 0 0.343246495605 0.7875175356 0.808912192109 0.02
0.0003 -2.25146461399 -0.506343435452 0.998057209583 0 0 0 0.499876950246 0.269964264413 0.648116602604 0.02
0.0003 -2.25563767415 -0.00806991019333 -0.729831880384 0 0 0 0.204393372405 0.218144411898 0.576303738475 0.02
0.0003 -2.61361627069 -1.38171933056 0.0916562244498 0 0 0 0.353057340396 0.321711523967 0.593517170996 0.02
0.0003 -2.36461324947 -0.0568989456589 -0.980568179118 0 0 0 0.442562096696 0.877759443568 0.449335530014 0.02
0.0003 -2.84032821138 -0.237333227651 -0.474383376318 0 0 0 0.35554108083 0.706608855643 0.425398314016 0.02
0.0003 -2.29807310323 -0.507443807979 0.880233721981 0 0 0 0.232148758468 0.781149563828 0.730517727164 0.02
0.0003 -0.99598362258 -0.317243017147 0.141452387054 0 0 0 0.236979667457 0.735309318403 0.570217356931 0.02
0.0003 -1.96068899131 -0.344641409603 0.922126251694 0 0 0 0.0991646838613 0.921183504801 0.582562036671 0.02
0.0003 -2.18217059047 -1.19718951652 0.748318837901 0 0 0 0.073351400015 0.734466606887 0.44082472133 0.02
0.0003 -1.80114936962 -1.29166299287 -0.365101592287 0 0 0 0.287020717612 0.646715664412 0.534769486132 0.02
0.0003 -2.40941633153 -0.191612112619 0.978888072247 0 0 0 0.0103136963875 0.694612268089 0.697686662357 0.02
0.0003 -1.5843225336 -0.638444940172 0.831961952928 0 0 0 0.284059742918 0.735026312692 0.257551702226 0.02
0.0003 -2.25704846175 -0.857582406206 1.08278593976 0 0 0 0.186533369027 0.681529952267 0.679322963164 0.02
0.0003 -2.17576597183 -0.12914194582 1.08560063768 0 0 0 0.262939749447 0.808198447396 0.733881809631 0.02
0.0003 -2.07974015575 -0.655546832246 0.802848576931 0 0 0 0.287307625996 0.715034186003 0.465195387108 0.02
0.0003 -2.65932250015 -0.056204525491 -0.431611198169 0 0 0 0.250621939624 0.857554558273 0.734280299315 0.02
0.0003 -2.56395801702 -1.4199840972 -0.104299022961 0 0 0 0.0688654741552 0.714413028213 0.65366212939 0.02
0.0003 -1.11600082078 -0.0569543641327 0.481248275257 0 0 0 0.378432908278 0.842486831081 0.528822508289 0.02
0.0003 -2.10268560404 -1.50043782714 -0.271743311281 0 0 0 0.114009168868 0.463071286105 0.384354617781 0.02
0.0003 -2.50875455469 -1.24161236319 0.590468421461 0 0 0 0.111968345984 0.774408134645 0.953924993244 0.02
0.0003 -2.22269675161 -0.0354668998607 -1.04438363282 0 0 0 0.254195437321 0.611699189845 0.986990313745 0.02
0.0003 -1.99424513296 -0.502444866903 -0.845367548918 0 0 0 0.00080122530625 0.652858813562 0.532739885046 0.02
0.0003 -1.47613550357 -0.581574752951 -0.636234477945 0 0 0 0.178121557867 0.9133791254 0.690992950832 0.02
0.0003 -2.78305437332 0.161283699491 0.428939744841 0 0 0 0.183923383069 0.626342364305 0.232883691932 0.02
0.0003 -1.77673680029 -0.78522072033 -1.0543296221 0 0 0 0.00695162686391 0.778609634084 0.447417341541 0.02
0.0003 -2.37760033652 -0.608765558347 0.994286481948 0 0 0 0.0648193147385 0.919895638348 0.30457563618 0.02
0.0003 -1.75442232123 0.380311991311 0.0828118969273 0 0 0 0.119723669018 0.573135475743 0.547670602159 0.02
0.0003 -2.79523105386 -0.845356633248 0.190231387659 0 0 0 0.398863680427 0.815666786159 0.781155743997 0.02
0.0003 -2.38775463616 -0.0322699877358 0.694265873018 0 0 0 0.194949758538 0.498914519795 0.959129876792 0.02
0.0003 -1.01713624746 -0.422957482695 -0.131926129641 0 0 0 0.444557694258 0.859132319584 0.894865371985 0.02
0.0003 -2.08440745644 -1.56943996803 -0.172946094513 0 0 0 0.0133195609801 0.551125523003 0.714204092532 0.02
0.0003 -1.99359748095 -0.435618366568 0.835940760221 0 0 0 0.265739901024 0.99648326312 0.863246673477 0.02
0.0003 -1.16357932242 -0.473318350589 -0.315071661987 0 0 0 0.434039840082 0.264370159973 0.573243423351 0.02
0.0003 -1.00205275071 -0.176457348779 -0.008239790793 0 0 0 0.0662757362148 0.4243243018 0.449183948714 0.02
0.0003 -1.75372669566 0.0192190416233 0.927632317787 0 0 0 0.0605094264852 0.792847171952 0.616777528776 0.02
0.0003 -2.60255237975 -1.11299783825 0.00363396964154 0 0 0 0.310362668133 0.750182305109 0.471784050888 0.02
0.0003 -2.08090640673 -1.20997315588 -0.916525796986 0 0 0 0.341649123426 0.472466243519 0.464800632607 0.02
0.0003 -2.38321588435 -1.35895280229 0.542010654825 0 0 0 0.133409184669 0.39344495155 0.595664556969 0.02
0.0003 -2.13934793614 -0.624226886819 1.17003148941 0 0 0 0.129128200488 0.861051556919 0.311274297185 0.02
0.0003 -1.36218312907 0.188603451291 0.0190740938971 0 0 0 0.374518567327 0.635645182673 0.217958132806 0.02
0.0003 -1.14668982967 -0.419627907288 0.418683674044 0 0 0 0.298149363548 0.538138777752 0.880051349263 0.02
0.0003 -1.52023274173 0.132726879514 -0.238386878446 0 0 0 0.225547889898 0.399095908093 0.533831484151 0.02
0.0003 -2.30580665686 -0.878415600382 -0.798961507878 0 0 0 0.0422949219174 0.695825443468 0.445903611691 0.02
0.0003 -1.37554969542 0.0589155691994 -0.466426889218 0 0 0 0.486016633634 0.288568631873 0.575091349508 0.02
0.0003 -1.76497300502 -1.01912037028 -0.923044196461 0 0 0 0.235198412868 0.487850753291 0.25079785406 0.02
0.0003 -1.47799617132 -0.0946597336757 -0.509124050843 0 0 0 0.12653387252 0.362460343233 0.863047605604 0.02
0.0003 -2.30955855581 0.527944206704 -0.408098159288 0 0 0 0.0299261264943 0.451175360915 0.636035585557 0.02
0.0003 -1.75906000241 -0.259885489513 1.04882258003 0 0 0 0.339833203771 0.431177530047 0.571929028142 0.02
0.0003 -1.78747509588 -1.1115025455 -0.549065383509 0 0 0 0.135237098974 0.770387305389 0.25448414971 0.02
0.0003 -1.63287440124 0.232618955279 -0.0418091942846 0 0 0 0.0631230085573 0.225098572249 0.791240280228 0.02
0.0003 -3.1160708194 -0.28044580338 0.11540094056 0 0 0 0.242363766344 0.920677544455 0.675095084646 0.02
0.0003 -2.03183928901 -0.613096587383 0.793916114783 0 0 0 0.0641760204406 0.652288187416 0.903718326482 0.02
0.0003 -2.90442432265 -1.09382291508 0.0472475641854 0 0 0 0.179591464183 0.762474984316 0.875170319656 0.02
0.0003 -1.64632016356 0.232485587549 0.465624748585 0 0 0 0.218431872883 0.354454443884 0.6823441406 0.02
0.0003 -1.81065796043 -1.18844315525 0.868096550411 0 0 0 0.235251930721 0.572502110395 0.268418330261 0.02
0.0003 -2.13449906134 -0.228171095105 0.854180348173 0 0 0 0.116656425753 0.811185438914 0.378220944466 0.02
0.0003 -2.12589636411 -0.612136684878 -1.16979693074 0 0 0 0.362290797197 0.844473567679 0.475194883237 0.02
0.0003 -1.23215623407 -0.16388088603 0.565808647235 0 0 0 0.0678020585826 0.702456042205 0.323087046218 0.02
0.0003 -2.61220132595 0.216038649839 0.625051701675 0 0 0 0.126589862104 0.431882332423 0.709040593937 0.02
0.0003 -1.22665224954 -0.481217176425 -0.389495559637 0 0 0 0.102648746535 0.392655336432 0.593815985783 0.02
0.0003 -1.78507050178 -1.11286032523 0.660252219666 0 0 0 0.119569192097 0.443629011595 0.773481044283 0.02
0.0003 -2.48714553553 -1.18177653679 -0.391187034551 0 0 0 0.346012840547 0.427059656839 0.879675368495 0.02
0.0003 -2.62510981132 -1.00971976191 0.223726759402 0 0 0 0.121999438505 0.220841897727 0.856606213952 0.02
0.0003 -2.52234120302 -0.724488782024 0.643618297187 0 0 0 0.199309943527 0.297427333845 0.822719107516 0.02
0.0003 -1.99919623631 -0.438159928728 0.909530856283 0 0 0 0.129426729388 0.641869845242 0.8746960163 0.02
0.0003 -1.3774623988 -0.294582210206 0.660809735854 0 0 0 0.350037062873 0.226669090625 0.426892333673 0.02
0.0003 -1.3942608111 -0.700371121845 0.628725490108 0 0 0 0.201154731491 0.947177012517 0.76966271927 0.02
0.0003 -2.15420031924 -0.0335610180463 -0.836948962296 0 0 0 0.0931059780489 0.896289928235 0.381178493031 0.02
0.0003 -1.40177958647 0.0860384657786 -0.462889536693 0 0 0 0.0486127020738 0.47206157888 0.348295900405 0.02
0.0003 -2.97301178337 -0.27647943678 0.48743994879 0 0 0 0.163394313156 0.699796514723 0.374977078317 0.02
0.0003 -2.04577424741 -1.23818607783 0.305775576919 0 0 0 0.462539274597 0.98768167032 0.231502338096 0.02
0.0003 -1.14846926768 -1.02641479134 -0.453061020698 0 0 0 0.012015520591 0.474727053431 0.457953114743 0.02
0.0003 -1.11946164711 -0.576205490284 0.681135281898 0 0 0 0.0316017801148 0.470915019775 0.943935976139 0.02
0.0003 -2.41726315314 -0.0414265632874 0.605432355691 0 0 0 0.490561743714 0.921118582911 0.978495858866 0.02
0.0003 -2.13652468181 0.137580478084 -0.636466408072 0 0 0 0.454099383578 0.46794234916 0.926772779659 0.02
0.0003 -2.08051216193 -1.00429588396 -0.62813984414 0 0 0 0.0451377876583 0.439671805416 0.536441129169 0.02
0.0003 -1.81166195556 -0.281218858925 0.8320892196 0 0 0 0.0838655801711 0.414355175686 0.485090124346 0.02
0.0003 -1.69016389242 0.440992765405 -0.0436258640159 0 0 0 0.451043182903 0.902326328957 0.793279030575 0.02
0.0003 -2.13337026681 -0.413854204924 -1.14986524762 0 0 0 0.297062000321 0.933166560792 0.284989636857 0.02
0.0003 -1.32979219978 -1.11033787757 -0.462831990681 0 0 0 0.490838554229 0.859239904662 0.397905393714 0.02
0.0003 -1.84856047624 -0.452454265751 -1.16750203544 0 0 0 0.110670645296 0.424392514793 0.844819644106 0.02
0.0003 -1.86605200575 0.144572646575 -0.802524053348 0 0 0 0.278478507114 0.787417796959 0.646633116983 0.02
0.0003 -1.90627298657 -1.65929567679 0.200602343221 0 0 0 0.473171677421 0.651085025465 0.452729745826 0.02
0.0003 -1.09163684498 -0.231732851202 -0.373316890861 0 0 0 0.342438748353 0.865333195073 0.469404612633 0.02
0.0003 -1.59216297189 -0.59740448041 0.856426731828 0 0 0 0.125006753683 0.536628695612 0.325851262925 0.02
0.0003 -2.49047937874 -1.10836368169 -0.440828298195 0 0 0 0.412383638756 0.830243501991 0.939948469907 0.02
0.0003 -1.5222006048 -1.30362165185 0.183973640448 0 0 0 0.447965524768 0.302374661663 0.970622896302 0.02
0.0003 -1.92936434797 -0.480426174758 1.00589768932 0 0 0 0.0433527519958 0.52925687155 0.278104872812 0.02
0.0003 -2.21986815913 -0.707595805772 -0.858207653451 0 0 0 0.339213278106 0.238135998704 0.379856827686 0.02
0.0003 -2.76632340498 -0.963752349278 0.163479979216 0 0 0 0.0672307226717 0.855140256534 0.958075505847 0.02
0.0003 -2.4708570653 -0.977075681488 0.458864130958 0 0 0 0.384732739908 0.624250070607 0.644267791517 0.02
0.0003 -1.56116659593 -1.47958205437 0.42967693308 0 0 0 0.111711490496 0.380697081182 0.835964901652 0.02
0.0003 -2.54615303304 -0.231640462811 0.832474277748 0 0 0 0.467686097489 0.672508872731 0.35197320838 0.02
0.0003 -2.51512208269 0.0490223853131 -0.671195766204 0 0 0 0.185055539675 0.824559268704 0.906507473926 0.02
0.0003 -2.94116795227 -0.109211397229 -0.0859953196358 0 0 0 0.301991054265 0.576487346237 0.468072331917 0.02
0.0003 -1.585859085 -1.06360642945 -0.935875103812 0 0 0 0.307347291523 0.59135452041 0.971985113175 0.02
0.0003 -2.37822823918 -0.689219410187 0.767658131392 0 0 0 0.0915575273818 0.208717334059 0.722506717045 0.02
0.0003 -1.61110474662 -0.59906022174 -0.929456751792 0 0 0 0.324616202713 0.83968162262 0.457483486667 0.02
0.0003 -2.12020514554 -0.40893838121 1.18665300678 0 0 0 0.151014968267 0.644285658209 0.930045439465 0.02
0.0003 -2.57522722962 -0.685473609521 -1.03233064805 0 0 0 0.0772364540343 0.302451999774 0.396300948753 0.02
0.0003 -2.19042221853 -0.492188675392 -0.971422571328 0 0 0 0.416913215779 0.592107108895 0.878327635917 0.02
0.0003 -2.08029994174 -0.0221620162499 -0.668982757546 0 0 0 0.392632832534 0.763640715846 0.933497661522 0.02
0.0003 -1.0628355842 -0.889407861644 -0.191298455191 0 0 0 0.394431964284 0.674866618102 0.39978973001 0.02
0.0003 -2.90625235271 -0.569928379316 0.274265641149 0 0 0 0.0403001928987 0.731511583793 0.288690597331 0.02
0.0003 -2.1351375035 -1.37245514934 -0.00807086734188 0 0 0 0.044685521658 0.931838702611 0.737344791402 0.02
0.0003 -2.44416355118 -0.901840250077 0.878734461891 0 0 0 0.344558907888 0.45143453795 0.205776646893 0.02
0.0003 -2.55865943342 0.218013494635 -0.556613456226 0 0 0 0.402456482221 0.52291405536 0.349054641389 0.02
0.0003 -1.83815413596 -1.00167892769 -0.895244504909 0 0 0 0.328488012262 0.601401616604 0.976239202579 0.02
0.0003 -1.51175689678 -0.20222805638 0.835994992102 0 0 0 0.24328824662 0.424262753962 0.912026379963 0.02
0.0003 -2.68318833377 -1.05359927534 0.0850318801757 0 0 0 0.284602321278 0.767498275229 0.788453805065 0.02
0.0003 -1.96567119329 -1.30847576471 -0.375959095689 0 0 0 0.205936373108 0.361338296737 0.758768836585 0.02
0.0003 -2.61203619519 0.111942986645 -0.281250001137 0 0 0 0.115249591198 0.674197121655 0.586558225785 0.02
0.0003 -1.67040035145 0.1547016807 0.515066302588 0 0 0 0.160963038697 0.529187903192 0.316188017215 0.02
0.0003 -2.03692979486 -0.377127542083 -1.10143353473 0 0 0 0.194164330465 0.650057523646 0.508278162714 0.02
0.0003 -2.24484987959 -0.778914654925 0.812104220437 0 0 0 0.48236986225 0.349042169627 0.289062764069 0.02
0.0003 -1.44303275838 -0.103338029403 -0.835498935739 0 0 0 0.414563001387 0.296788257853 0.245343359353 0.02
0.0003 -2.15517342917 -0.823652498843 0.882895286036 0 0 0 0.325993576349 0.699486389788 0.987829759885 0.02
0.0003 -1.66060738834 -1.08835163659 -0.49553692665 0 0 0 0.394568199533 0.319467226064 0.96128885625 0.02
0.0003 -1.34348539622 -0.961131878865 -0.588597869186 0 0 0 0.395097326061 0.699881660919 0.336955526055 0.02
0.0003 -2.04640827489 -0.540986689475 -0.960923331968 0 0 0 0.205291977114 0.666952232427 0.328045914209 0.02
0.0003 -2.54603073812 0.294204810451 0.112571242462 0 0 0 0.437435862951 0.351016940076 0.764996749162 0.02
0.0003 -2.04695843339 -1.00438824927 0.789257147715 0 0 0 0.00372962364827 0.82796767728 0.719695892443 0.02
0.0003 -1.76856978424 -0.718234672067 1.08852144379 0 0 0 0.141280790319 0.910672725826 0.873368922786 0.02
0.0003 -1.9444327053 -1.09231507916 0.691245365609 0 0 0 0.106270195432 0.520756070527 0.641721399508 0.02
0.0003 -2.6809614322 -0.417710730127 -0.829854125492 0 0 0 0.449279089893 0.24942704445 0.331756409935 0.02
0.0003 -1.56208941265 -0.361311547977 -0.814645144572 0 0 0 0.339027772183 0.635262236725 0.286464618574 0.02
0.0003 -1.71038044055 -0.555700444126 0.749697290651 0 0 0 0.198425707878 0.361237471005 0.875423967972 0.02
0.0003 -1.48577296472 -0.989854718899 0.492732149507 0 0 0 0.0649496079927 0.425446356188 0.623948221377 0.02
0.0003 -1.44025245617 -0.444041138097 0.8222873966 0 0 0 0.364261111912 0.576987213358 0.575296137556 0.02
0.0003 -1.06183851123 -0.854108346374 -0.302120912835 0 0 0 0.0638952045327 0.908603917799 0.89534883812 0.02
0.0003 -1.95705672456 -1.44239845107 0.0622340633358 0 0 0 0.00887930354368 0.258132678256 0.972461892857 0.02
0.0003 -1.69201794644 0.346143628235 -0.296007579836 0 0 0 0.306447298402 0.788608458248 0.967936394623 0.02
0.0003 -2.27582320815 0.559875621571 -0.0603733086444 0 0 0 0.000267971911804 0.478910221906 0.550666322957 0.02
0.0003 -2.42643913107 -0.351264703751 -0.89936639665 0 0 0 0.221542908362 0.40712484082 0.341949606175 0.02
0.0003 -2.54136314484 -0.988051172403 0.790030712899 0 0 0 0.231153661437 0.36374342492 0.20784013329 0.02
0.0003 -1.24242769823 -0.189422932083 0.513718235457 0 0 0 0.0245128004012 0.209116009955 0.701819724699 0.02
0.0003 -2.58264565179 -0.473935966352 0.935172421214 0 0 0 0.350309096647 0.782168929512 0.474683933005 0.02
0.0003 -2.02255965362 -0.462222634146 -1.12766036066 0 0 0 0.00472205592579 0.275603293641 0.989439464619 0.02
0.0003 -1.15832272187 -1.30305627276 -0.181261002651 0 0 0 0.354376414249 0.978092501261 0.769914468563 0.02
0.0003 -1.23113465897 -0.858099632656 0.510816888234 0 0 0 0.0762341336927 0.686164397118 0.777241275996 0.02
0.0003 -1.84218664994 -0.598021436643 1.04995556459 0 0 0 0.0390279957005 0.650759029278 0.279935132953 0.02
0.0003 -1.47571499186 0.335393978073 -0.040904094956 0 0 0 0.00305833353372 0.727558407218 0.805800599033 0.02
0.0003 -1.0181856893 -0.583078192701 0.372787662187 0 0 0 0.250316357658 0.619753445395 0.344356524955 0.02
0.0003 -2.45373622265 0.44847134085 -0.00672669281191 0 0 0 0.354140333025 0.669400608394 0.956209941866 0.02
0.0003 -1.49791462106 -0.652057472882 0.944384496568 0 0 0 0.210119858389 0.200094090944 0.395441557894 0.02
0.0003 -1.71452455282 -0.898563419905 0.811974426587 0 0 0 0.393250483247 0.45982357423 0.917706198279 0.02
0.0003 -2.14392154953 -0.0623873452628 -0.956452335964 0 0 0 0.368594573015 0.943528819092 0.618253082466 0.02
0.0003 -2.69526703305 -0.814007498085 -0.298670982679 0 0 0 0.355375703909 0.51758132238 0.300394170755 0.02
0.0003 -1.88670777294 -0.619178743214 -0.824072801524 0 0 0 0.125838988725 0.887366941946 0.900193996745 0.02
0.0003 -2.39391478693 -1.29476893105 0.464860226557 0 0 0 0.370359508634 0.75237758103 0.664528314496 0.02
0.0003 -2.81413519113 0.0691011471433 -0.294154270885 0 0 0 0.488740664583 0.84512235657 0.794056800269 0.02
0.0003 -1.58175137293 0.160831958432 0.458664136455 0 0 0 0.119293403932 0.371465606826 0.335361033517 0.02
0.0003 -2.60467066011 0.241905523835 0.591636146954 0 0 0 0.0778528279619 0.415516601834 0.239604302949 0.02
0.0003 -1.56591888557 -1.42052611553 0.618318211804 0 0 0 0.150613524583 0.677577537194 0.595085820124 0.02
0.0003 -1.97652605865 -0.516278322866 0.982587295912 0 0 0 0.301763992953 0.764897447504 0.298338403142 0.02
0.0003 -1.46657085443 -1.43561220151 0.244693858442 0 0 0 0.316851663077 0.966845396128 0.258194951083 0.02
0.0003 -2.87549188448 -0.949539824297 -0.0870321694851 0 0 0 0.125675560873 0.650146158954 0.870245557186 0.02
0.0003 -2.2199213594 -0.71756860742 -1.10632365183 0 0 0 0.125213078972 0.904316185438 0.57736920118 0.02
0.0003 -1.83290313762 -1.01637256671 0.960305787719 0 0 0 0.387564684016 0.371531101465 0.279607198601 0.02
0.0003 -3.08437895575 -0.0945325768594 0.154303768199 0 0 0 0.186907935402 0.208422288407 0.226344555955 0.02
0.0003 -1.11070623675 -0.907109384266 0.64118220278 0 0 0 0.0909650540464 0.523266234478 0.206779789261 0.02
0.0003 -1.70502097445 -0.567916091501 1.11433612464 0 0 0 0.00309582067107 0.832876797456 0.409520158474 0.02
0.0003 -2.02746341724 -0.27137772664 1.02196980762 0 0 0 0.472258238757 0.844823102864 0.420577022008 0.02
0.0003 -1.79958120226 -0.702626583746 -1.03475917892 0 0 0 0.468749761525 0.583819449027 0.765539048798 0.02
0.0003 -2.75415411425 0.0372354477486 0.160244427021 0 0 0 0.484731131904 0.288610826223 0.6192367515 0.02
0.0003 -1.9255215407 0.339189694853 -0.24549589822 0 0 0 0.177265147916 0.810712211756 0.922082145101 0.02
0.0003 -2.26793273299 -1.16981056144 -0.625115401374 0 0 0 0.415940667264 0.219699267933 0.483077238582 0.02
0.0003 -1.83828284527 -1.29230474596 0.0292475065685 0 0 0 0.171750161679 0.486502382515 0.410273306897 0.02
0.0003 -2.17414568638 -0.808715645581 -1.0828781571 0 0 0 0.487586493056 0.362734739729 0.572906464508 0.02
0.0003 -2.52861063057 -0.393126132111 0.6918730846 0 0 0 0.215710080518 0.882597058732 0.570902704117 0.02
0.0003 -1.93154537056 -0.956925705611 0.70048864448 0 0 0 0.0204728421427 0.273915218722 0.346386789122 0.02
0.0003 -2.88282065094 -0.421116408568 0.00434002341734 0 0 0 0.337580151127 0.909829310508 0.712466725372 0.02
0.0003 -1.00636141318 -0.380689287236 -0.0776812288557 0 0 0 0.408694578812 0.703494155095 0.741242339921 0.02
0.0003 -1.28366710313 -0.299615750807 -0.483695296606 0 0 0 0.265805864282 0.401305802786 0.266351543671 0.02
0.0003 -2.13304103107 -0.518187102672 0.857623329318 0 0 0 0.425418171922 0.541289652941 0.956591009086 0.02
0.0003 -1.89384860149 -0.534310221102 -0.854470992345 0 0 0 0.489665290464 0.443227138137 0.72161984401 0.02
0.0003 -2.17904819185 0.345217687021 0.00324928781507 0 0 0 0.3034211687 0.366540749986 0.903640094678 0.02
0.0003 -2.35802483656 0.0557143118067 -0.763066432614 0 0 0 0.0295459314608 0.367028267899 0.408112124902 0.02
0.0003 -1.44508583524 0.00832893207966 0.663135049342 0 0 0 0.0168644649716 0.261313198298 0.336652875254 0.02
0.0003 -2.25841457954 0.352221420977 0.589820774105 0 0 0 0.21214488384 0.503695963656 0.888940156839 0.02
0.0003 -1.99357833027 0.042025834501 0.698180363921 0 0 0 0.139546995073 0.443714545017 0.884467515627 0.02
0.0003 -1.56731690547 -0.25779439071 -0.833618159219 0 0 0 0.184787807035 0.697872350868 0.854908500303 0.02
0.0003 -3.03767928009 0.0128414695834 -0.1393096366 0 0 0 0.347389592797 0.435962055463 0.772874398765 0.02
0.0003 -2.68809585641 0.140611380319 -0.219807356774 0 0 0 0.0260705755109 0.968682613263 0.910533892488 0.02
0.0003 -2.17815439105 -0.7205386411 0.940942200751 0 0 0 0.256484952567 0.565903482675 0.863813361095 0.02
0.0003 -2.46889833254 -0.651628409335 -0.665706861329 0 0 0 0.451085509726 0.773070732179 0.350042444886 0.02
0.0003 -2.12239137629 0.594079024375 0.380488482048 0 0 0 0.0810267206378 0.227272811337 0.770500078337 0.02
0.0003 -2.4647210225 0.135717755608 -0.684570606219 0 0 0 0.160193495589 0.935050696904 0.739180175794 0.02
0.0003 -2.71084596256 -0.871427409368 -0.376269897224 0 0 0 0.0949477877583 0.343038253417 0.672529593632 0.02
0.0003 -2.0583346212 0.293310576708 0.702489849384 0 0 0 0.499044354177 0.529025260559 0.490343637785 0.02
0.0003 -1.52505458066 -1.15134307365 0.488866062733 0 0 0 0.0703174989694 0.564575158642 0.303487835723 0.02
0.0003 -2.34068057549 -0.176156204022 0.684216450388 0 0 0 0.475956044951 0.613910827719 0.32622305896 0.02
0.0003 -1.52567947114 -0.538321229747 -0.692437088161 0 0 0 0.173493196963 0.494189942791 0.397759994932 0.02
0.0003 -1.64764468887 -1.01795180794 1.00721814366 0 0 0 0.306346467087 0.488091037253 0.317627500441 0.02
0.0003 -1.99570678006 -0.476802064246 -1.13399491971 0 0 0 0.108897475288 0.897802804052 0.487568928858 0.02
0.0003 -1.2600921299 -0.172356322964 -0.8428649114 0 0 0 0.0650809549295 0.918240320691 0.266361879206 0.02
0.0003 -1.9521047319 -0.332023325623 -0.844077346932 0 0 0 0.151550235752 0.798869544311 0.292035511069 0.02
0.0003 -2.74788479153 -0.936697544101 -0.279123825462 0 0 0 0.35204454501 0.419286919352 0.74015572945 0.02
0.0003 -2.5951900499 0.163026518392 0.117085429903 0 0 0 0.378719060497 0.405144958942 0.23293657637 0.02
0.0003 -1.61773859045 -0.288257791198 0.690398201322 0 0 0 0.193388044432 0.759754028509 0.856576010353 0.02
0.0003 -2.01426082146 -0.502134839894 1.03578360095 0 0 0 0.0548843891395 0.517639212153 0.385205300599 0.02
0.0003 -2.54288160836 -0.978295585455 -0.552615946187 0 0 0 0.236980918993 0.803762334428 0.704705834992 0.02
0.0003 -2.32265925733 0.206824390904 0.338256108851 0 0 0 0.354365832441 0.575170510744 0.977956190727 0.02
0.0003 -1.29132450264 0.0653435167859 -0.136119342975 0 0 0 0.361358291874 0.549104578473 0.745875975763 0.02
0.0003 -1.93927064871 -0.387957743695 -0.94195915981 0 0 0 0.200853519898 0.580764926803 0.957244937944 0.02
0.0003 -1.93324866039 -0.162016883915 0.757558878495 0 0 0 0.258422807051 0.368629148937 0.350953506898 0.02
0.0003 -2.52303831189 -0.828832934349 -0.630760672894 0 0 0 0.322918891609 0.757463880852 0.563430687374 0.02
0.0003 -1.70881516128 0.14568556725 -0.824691659028 0 0 0 0.307364203796 0.63555071824 0.752490240841 0.02
0.0003 -2.62091112101 0.257647856162 -0.24926571176 0 0 0 0.250923420003 0.308044541732 0.450296359765 0.02
0.0003 -2.16538327122 -0.988550874778 1.06584097475 0 0 0 0.0354681162836 0.561290368516 0.220589548749 0.02
0.0003 -1.52399813348 0.159330408372 0.752631449684 0 0 0 0.245105915946 0.919014623096 0.344676107402 0.02
0.0003 -1.45249487439 0.0096999654722 0.696740743651 0 0 0 0.00173191420152 0.953528152729 0.333160593101 0.02
0.0003 -2.22695978794 -1.21269120987 -0.45398886582 0 0 0 0.311007560846 0.641646225128 0.777058078233 0.02
0.0003 -1.92949741771 -0.421126580581 -0.823790604016 0 0 0 0.231183619158 0.689081919056 0.25416228661 0.02
0.0003 -2.51288920697 -1.37390315131 -0.566723552393 0 0 0 0.241761840349 0.413962116015 0.540928852566 0.02
0.0003 -1.65774120506 -0.346617419907 0.903389292516 0 0 0 0.373787487699 0.449827757838 0.307081491346 0.02
0.0003 -1.85680205074 -1.4513364459 0.41834307913 0 0 0 0.0329900530536 0.508438746699 0.79629735739 0.02
0.0003 -1.31960337789 0.427708078056 -0.0357960213472 0 0 0 0.415152274826 0.802733412882 0.255959876979 0.02
0.0003 -2.37501630824 -0.705050408719 0.78716541931 0 0 0 0.468129118688 0.406179099417 0.319610335596 0.02
0.0003 -1.92662001984 -0.0295330021327 0.86383890978 0 0 0 0.493330231104 0.695497928196 0.643976167541 0.02
0.0003 -1.91791882882 -1.02050682626 -0.735579280801 0 0 0 0.163543377709 0.418804374344 0.955317704401 0.02
0.0003 -2.06067556318 -0.498971623234 -1.02772292971 0 0 0 0.0754469975608 0.850103984455 0.929184541016 0.02
0.0003 -1.74464200082 -1.45392731362 0.613813378788 0 0 0 0.284102730079 0.735566602884 0.58037955077 0.02
0.0003 -3.10817242871 -0.291468806618 -0.0621260372585 0 0 0 0.0656755189608 0.59589381795 0.801122704095 0.02
0.0003 -2.68280898292 -0.310916565203 0.415148190334 0 0 0 0.118445408907 0.933205815696 0.226592122131 0.02
0.0003 -1.25071342906 -0.157330546512 -0.340378503843 0 0 0 0.227597968879 0.688215701116 0.459317894914 0.02
0.0003 -2.7732387519 -0.180329357282 0.0818736999337 0 0 0 0.197553585619 0.760355252873 0.798496712668 0.02
0.0003 -3.15840738612 -0.612204523592 0.102124948232 0 0 0 0.325722085924 0.813539647846 0.658009929531 0.02
0.0003 -1.42141717923 -0.900590254761 0.678913892405 0 0 0 0.221711980187 0.578372107751 0.557542980262 0.02
0.0003 -1.72193390719 -0.776686594667 0.743664372306 0 0 0 0.135496585513 0.674875960859 0.290454520582 0.02
0.0003 -2.37903238886 -0.517168668007 -1.11429984224 0 0 0 0.207738569324 0.357343296448 0.975526272904 0.02
0.0003 -1.85542164852 -0.0638228877034 0.820320860368 0 0 0 0.475156617733 0.74606137144 0.272174347859 0.02
0.0003 -1.58924799614 0.34248423512 -0.602745598223 0 0 0 0.0886083019682 0.712628780838 0.920609214193 0.02
0.0003 -2.03194060567 -1.40915650571 0.094603131116 0 0 0 0.287424689576 0.804130056999 0.502368222282 0.02
0.0003 -2.27063901096 -0.151510642097 0.957855623479 0 0 0 0.402144887822 0.385220927955 0.583734087028 0.02
0.0003 -2.40353186615 -0.447349732217 -1.05794540048 0 0 0 0.0751879128611 0.220568807984 0.63943252609 0.02
0.0003 -2.68788626667 -0.00272926425398 -0.0318113200482 0 0 0 0.0349421947205 0.877276467651 0.355810796903 0.02
0.0003 -1.52050448463 -0.261404149041 0.669572954725 0 0 0 0.252902853031 0.203178507814 0.442563491059 0.02
0.0003 -2.50555593807 -0.482457212611 -0.68940455966 0 0 0 0.419863161996 0.714332860575 0.539065370042 0.02
0.0003 -1.60685715123 -0.927804482437 -0.609776423055 0 0 0 0.10048079114 0.986127886349 0.600832692547 0.02
0.0003 -2.1484194986 -1.35688664798 -0.478567134579 0 0 0 0.362936368295 0.952828244422 0.489401347116 0.02
0.0003 -1.94147119901 -0.711053128497 0.877760374232 0 0 0 0.0783110151399 0.994425279883 0.617662187015 0.02
0.0003 -1.58493547796 -1.41580638932 -0.203868831893 0 0 0 0.37985018313 0.798774154676 0.505224818279 0.02
0.0003 -1.10768387512 -0.47291527963 0.145065661714 0 0 0 0.432163705833 0.553805298654 0.870406608116 0.02
0.0003 -2.23675760666 0.483258892097 0.223759367085 0 0 0 0.356940477891 0.355660839026 0.433619288966 0.02
0.0003 -2.18227496741 -0.538540721677 0.931588615942 0 0 0 0.0454661938771 0.453908588424 0.787920037464 0.02
0.0003 -1.22014733099 -0.156183602416 -0.673437121869 0 0 0 0.474582566313 0.97400911819 0.672326705729 0.02
0.0003 -1.84825444295 -0.573437944996 -1.15150010029 0 0 0 0.106609057237 0.672384359943 0.607781336461 0.02
0.0003 -2.79769690421 -0.587915221492 -0.874063993003 0 0 0 0.234696711194 0.632679608383 0.926419961851 0.02
0.0003 -1.95373198917 -0.478784845426 -1.14407745654 0 0 0 0.0447834179724 0.747402451876 0.473271115754 0.02
0.0003 -1.84989442394 -1.05732730081 0.989968736202 0 0 0 0.484330008091 0.799763290809 0.73815916477 0.02
0.0003 -1.12078288143 -0.656342178595 0.226672898437 0 0 0 0.0324869325636 0.723971979401 0.574300669371 0.02
0.0003 -2.81824825074 -0.804251916433 -0.144582345111 0 0 0 0.444068537113 0.401368438444 0.707530722705 0.02
0.0003 -2.49288623701 -0.765924083887 0.856444168673 0 0 0 0.185110272221 0.446067774141 0.882213325309 0.02
0.0003 -1.99588457458 -0.507387265413 0.831805702003 0 0 0 0.38130507483 0.253104186672 0.440512747928 0.02
0.0003 -1.09019488759 -0.958634204728 -0.609132920203 0 0 0 0.354104882697 0.802669058956 0.712771490316 0.02
0.0003 -2.03064194401 -0.607388110519 0.859036115926 0 0 0 0.338437039947 0.287388669513 0.867032258391 0.02
0.0003 -1.90335704447 -0.88785986906 -0.843130135456 0 0 0 0.167219759141 0.499653746722 0.704304971987 0.02
0.0003 -2.39660639074 0.144942584899 0.338315851688 0 0 0 0.306919987054 0.542202660421 0.653257305605 0.02
0.0003 -2.05378309849 0.308291796487 -0.813999575519 0 0 0 0.171982176756 0.503160828975 0.255865552895 0.02
0.0003 -1.78241075773 -0.278853901244 -0.965604032552 0 0 0 0.0923371937463 0.84841820211 0.767727690666 0.02
0.0003 -1.26911033526 -1.23353567038 0.429230356057 0 0 0 0.275285870678 0.217669961466 0.494225260733 0.02
0.0003 -1.99078705921 -0.491650128589 0.95940988512 0 0 0 0.459896553273 0.324211990642 0.67425409254 0.02
0.0003 -2.78470155343 -0.138376803271 -0.146613388415 0 0 0 0.48057264143 0.329019469229 0.814139111944 0.02
0.0003 -1.6316418007 -0.0762515334243 -0.912260866451 0 0 0 0.481257699516 0.574044197463 0.212468392228 0.02
0.0003 -1.95037329743 -0.469174500137 0.888321951529 0 0 0 0.284410127632 0.895749064947 0.940131014868 0.02
0.0003 -1.91391854627 -0.336169626384 -1.00359563843 0 0 0 0.386573674387 0.428397533026 0.983227896068 0.02
0.0003 -2.35765744496 -1.46309464646 0.594997226371 0 0 0 0.335403452189 0.804896443745 0.371325026973 0.02
0.0003 -1.96377312526 -0.966567275244 -0.728277838578 0 0 0 0.444788057492 0.359971491 0.315386320719 0.02
0.0003 -2.83458866196 -1.1718367662 0.0802568906225 0 0 0 0.0607891544071 0.79833110878 0.915987745067 0.02
0.0003 -1.93600931017 -1.04994978684 -0.647627795591 0 0 0 0.23574475178 0.810802249306 0.76461457208 0.02
0.0003 -1.9719691838 -0.504355373538 -1.05714241438 0 0 0 0.476981029551 0.869558749927 0.341943398257 0.02
0.0003 -1.4579854238 -0.805800358594 -0.626199578608 0 0 0 0.351157807956 0.517991705883 0.418371411402 0.02
0.0003 -1.77142741118 -1.29082101535 -0.738928037884 0 0 0 0.296288249617 0.655002346587 0.273930769528 0.02
0.0003 -1.953438135 -0.448302094958 -0.995211412482 0 0 0 0.153735106365 0.368860426265 0.43185952665 0.02
0.0003 -1.51533204508 0.114036953081 -0.671662068479 0 0 0 0.475725447059 0.557261442591 0.686594714364 0.02
0.0003 -1.77385188585 -0.624472462652 0.779226682773 0 0 0 0.464305058345 0.343250837257 0.786233628724 0.02
0.0003 -2.80310083741 -0.141308232718 0.430985354927 0 0 0 0.436576237618 0.251324320493 0.990165415567 0.02
0.0003 -1.2598094001 0.208364920124 0.442260079017 0 0 0 0.344894199745 0.953384962273 0.476500349875 0.02
0.0003 -1.36224643814 0.184553111561 -0.670329546714 0 0 0 0.227586091605 0.281251393936 0.902792914937 0.02
0.0003 -1.99997874176 -0.500058313061 1.13046781652 0 0 0 0.012836223492 0.823698562267 0.958476173102 0.02
0.0003 -2.68094403296 -1.13196041811 -0.51605994471 0 0 0 0.377734400127 0.447218483362 0.805933622593 0.02
0.0003 -2.07372853431 -1.36697513028 -0.435570754838 0 0 0 0.482018708999 0.875616619682 0.905698500555 0.02
0.0003 -1.92838444311 -0.570136689572 1.0078492794 0 0 0 0.240483067289 0.486785076747 0.846466167517 0.02
0.0003 -2.27999902663 -0.239074987373 -0.973206202037 0 0 0 0.216710536958 0.793630743702 0.806560935417 0.02
0.0003 -1.3325886009 -1.26858060622 -0.212644419495 0 0 0 0.104598098956 0.869076181791 0.536878190425 0.02
0.0003 -1.88738184897 -0.44803416072 1.08612539996 0 0 0 0.358170293477 0.468237915882 0.65709897821 0.02
0.0003 -1.89015198577 -0.497909623481 -1.11809061559 0 0 0 0.16487962758 0.399941872718 0.77961167964 0.02
0.0003 -2.13968617989 0.181663067259 0.480116247204 0 0 0 0.189317901186 0.513469269696 0.938085206201 0.02
0.0003 -1.77270064466 -0.671377084867 1.0077329915 0 0 0 0.403172639841 0.29851587586 0.322052574735 0.02
0.0003 -1.80546356164 -0.523711447994 1.15610917208 0 0 0 0.157377826468 0.884551249744 0.911708908712 0.02
0.0003 -2.52627643624 -1.41674751574 -0.275826121762 0 0 0 0.125702403863 0.624756800766 0.605731833099 0.02
0.0003 -2.15560208332 -1.32993643856 0.0176303169142 0 0 0 0.426157614892 0.218065084729 0.266541849436 0.02
0.0003 -1.69874951763 0.64100501434 -0.112649265231 0 0 0 0.0657689726267 0.415105534606 0.895045610487 0.02
0.0003 -2.84825476413 -1.1105499201 -0.425238271644 0 0 0 0.360161903664 0.202458185394 0.572752796249 0.02
0.0003 -1.75240004099 -0.428408050708 -0.81569273636 0 0 0 0.0626988664707 0.743007727491 0.935281073745 0.02
0.0003 -1.38576501711 -0.627384535279 -0.781359603539 0 0 0 0.237325224432 0.528536705164 0.883296242034 0.02
0.0003 -2.51942350048 -0.159054682092 -0.704604421451 0 0 0 0.106782457124 0.46237325867 0.799578284939 0.02
0.0003 -1.55704797183 0.274621284826 0.0693886288947 0 0 0 0.0480140091454 0.712901541596 0.461354237545 0.02
0.0003 -2.69681529694 -0.304321665884 -0.593702583489 0 0 0 0.129835530055 0.87940488266 0.683587579357 0.02
0.0003 -2.09748999357 -0.124538273362 0.729469738913 0 0 0 0.355469256261 0.9718824797 0.241215868224 0.02
0.0003 -2.00199891137 -0.381909976482 0.923974481602 0 0 0 0.291666537976 0.680476444149 0.274576032144 0.02
0.0003 -2.301765219 -0.690143063578 -1.10532263545 0 0 0 0.289996126114 0.721360636528 0.63869207727 0.02
0.0003 -2.32977827354 0.192918463517 -0.498737239359 0 0 0 0.340290867452 0.731533516119 0.910848850695 0.02
0.0003 -2.22343188765 -0.847447147208 -0.727876214171 0 0 0 0.0530266263686 0.707066264576 0.777464227523 0.02
0.0003 -2.25953707004 -0.572709376763 -0.791974311537 0 0 0 0.153370994293 0.526106018618 0.35960565426 0.02
0.0003 -1.64557142918 -0.576512001524 0.991762884053 0 0 0 0.12548924149 0.280886589081 0.923081852436 0.02
0.0003 -1.93862005212 -0.502614224682 0.862460736658 0 0 0 0.243282431047 0.750066735347 0.600381198722 0.02
0.0003 -1.17051577715 -0.602151415986 0.38495603517 0 0 0 0.223245959317 0.753042734365 0.550366173927 0.02
0.0003 -2.25992635156 0.191237140423 0.687410233091 0 0 0 0.223805491751 0.229236804993 0.852983339339 0.02
0.0003 -2.33099267768 0.175677986515 -0.428760000649 0 0 0 0.324140768815 0.477065424394 0.69879657226 0.02
0.0003 -1.56654050304 -0.249220502487 -0.782913659512 0 0 0 0.441284384782 0.211946417058 0.215772671079 0.02
0.0003 -2.89062860694 -0.795872704338 -0.396376832814 0 0 0 0.435061663609 0.6712719014 0.350270666489 0.02
0.0003 -2.36266049661 0.372549362963 0.133376873238 0 0 0 0.366940364483 0.717650917649 0.536536957112 0.02
0.0003 -1.53682677279 -0.443462475394 0.848397577256 0 0 0 0.137832547152 0.539103455752 0.884950751321 0.02
0.0003 -1.85697332354 -0.912876161875 -1.05275303725 0 0 0 0.446716974425 0.423324717106 0.638909293549 0.02
0.0003 -1.05173353256 -0.962828798603 0.289395413555 0 0 0 0.208812816876 0.922194734526 0.706492359361 0.02
0.0003 -1.51007381117 -0.487387379524 0.637877832419 0 0 0 0.0125902194541 0.953285591752 0.561108391814 0.02
0.0003 -1.58977581781 -0.430981827229 0.900374079918 0 0 0 0.0288405764615 0.654354364719 0.574321978379 0.02
0.0003 -1.69310159547 0.425808307527 -0.677558845051 0 0 0 0.348637583916 0.93726303478 0.69829577839 0.02
0.0003 -2.09551797776 -0.857796502077 -1.11103067127 0 0 0 0.229461309136 0.915279521219 0.581800343784 0.02
0.0003 -1.65444014868 -0.418592203422 1.01179035006 0 0 0 0.430030669328 0.366539208709 0.741775856112 0.02
0.0003 -1.93781858635 -0.439246915941 -0.865899392242 0 0 0 0.450442543742 0.628442116874 0.252351777901 0.02
0.0003 -2.82281224738 -1.3077294514 -0.122300540509 0 0 0 0.280588132808 0.471391724308 0.763195172236 0.02
0.0003 -2.35608408319 0.0279787898876 -0.917275752511 0 0 0 0.328056284573 0.339622309724 0.926605809512 0.02
0.0003 -1.80000821553 -0.417722462109 -0.885865977235 0 0 0 0.204077313107 0.279347055381 0.692882083441 0.02
0.0003 -2.59615521026 -0.614923452572 -0.899548184292 0 0 0 0.297427198487 0.499943587339 0.453550467194 0.02
0.0003 -1.89897097151 -1.2778005534 -0.838906969716 0 0 0 0.456977277217 0.583502108568 0.510625833902 0.02
0.0003 -2.75648074519 -0.905014806473 -0.300525111162 0 0 0 0.139170504692 0.601762841475 0.59725616042 0.02
0.0003 -1.70184559189 -0.896187465713 0.863664433449 0 0 0 0.274781366869 0.487983894625 0.77634861038 0.02
0.0003 -1.62502765851 -0.764389662133 0.761969881641 0 0 0 0.322746287753 0.482839017755 0.326134959222 0.02
0.0003 -2.02533327079 -0.399029058567 0.793636411992 0 0 0 0.367281844162 0.78326971515 0.358063201675 0.02
0.0003 -1.96338654107 -0.443158585229 1.04946476801 0 0 0 0.12088595315 0.511563570182 0.526363173115 0.02
0.0003 -2.52656196695 -0.683776767686 0.895240868825 0 0 0 0.358606870627 0.451782314171 0.938686513966 0.02
0.0003 -2.17977034217 -0.564057655322 -1.06429171885 0 0 0 0.274123758864 0.739693264504 0.238601450926 0.02
0.0003 -2.14137078224 -0.611906188027 -0.947454747834 0 0 0 0.253489525875 0.573617109235 0.501040828185 0.02
0.0003 -2.81708701075 0.232984676984 0.178847336923 0 0 0 0.322228171105 0.457253443003 0.934446984075 0.02
0.0003 -1.6094230301 -1.34901030372 0.500971603332 0 0 0 0.321173210237 0.664003665761 0.602622383355 0.02
0.0003 -1.81960875603 -1.27857767417 -0.174797936434 0 0 0 0.382792148221 0.374025367621 0.602832441291 0.02
0.0003 -1.80129911386 -0.56713277901 -1.16521592033 0 0 0 0.22337906819 0.268989234466 0.87059923954 0.02
0.0003 -2.44392505294 -1.33017545489 0.587203244518 0 0 0 0.104695465601 0.268002943666 0.669728875508 0.02
0.0003 -1.41894296681 -1.01700889173 0.634012454261 0 0 0 0.281540940266 0.67060046951 0.295867498088 0.02
0.0003 -1.62838197001 -1.19297750294 -0.290235887992 0 0 0 0.156664965865 0.321678688022 0.689782187929 0.02
0.0003 -2.9651914695 -0.646301513668 0.343186087294 0 0 0 0.0460810241066 0.658432875953 0.895284958342 0.02
0.0003 -2.68093171637 0.0713208225798 -0.0941173725267 0 0 0 0.385116087089 0.418920925934 0.471235947231 0.02
0.0003 -1.73828554284 -0.930314029727 -0.919955623035 0 0 0 0.285329169879 0.208935426194 0.516241695642 0.02
0.0003 -1.99212609173 -0.683524028819 1.03101151866 0 0 0 0.436736186943 0.788593427729 0.956177881202 0.02
0.0003 -1.89936688418 -0.261076916266 0.850859703515 0 0 0 0.0336813918361 0.818582223081 0.64325120875 0.02
0.0003 -1.54898121111 -0.666481991254 0.685771895986 0 0 0 0.495505941382 0.584689631484 0.741939177724 0.02
0.0003 -1.6863876393 0.563207289297 -0.168151360146 0 0 0 0.0288712819233 0.960384342364 0.992402326649 0.02
0.0003 -1.64626026516 0.150394755076 0.4823650292 0 0 0 0.156648766224 0.597834944732 0.914997316154 0.02
0.0003 -2.76689396058 0.160387354503 0.266340969188 0 0 0 0.213797609078 0.843211732449 0.303634553257 0.02
0.0003 -1.83864532008 -0.107443597526 -0.679620657552 0 0 0 0.111934730724 0.375682016903 0.28457488166 0.02
0.0003 -1.71175616621 -1.16902396811 0.823210580147 0 0 0 0.260364263011 0.32311800759 0.621681446852 0.02
0.0003 -1.26579589569 -0.202007194487 0.158370872249 0 0 0 0.185546109484 0.473483756964 0.911713669084 0.02
0.0003 -1.89559063754 -0.391806565755 -0.896984012041 0 0 0 0.350223588992 0.87741945067 0.619936941776 0.02
0.0003 -1.88430873971 -0.505934069414 -1.17282129 0 0 0 0.480287412779 0.506576687056 0.742877861677 0.02
0.0003 -1.82004679798 -1.13941137114 -0.655336594566 0 0 0 0.212910038579 0.880307260154 0.675896503441 0.02
0.0003 -1.74671268315 -0.159124361822 -0.960516769485 0 0 0 0.485263449547 0.465066475573 0.775322597417 0.02
0.0003 -3.0161906437 -0.84816506596 -0.19013553441 0 0 0 0.154740315624 0.551510281215 0.21546375908 0.02
0.0003 -1.03336596298 -0.81017775078 0.218165030052 0 0 0 0.443479904394 0.296742979341 0.711257077489 0.02
0.0003 -2.26984232152 0.299353367862 0.765612898567 0 0 0 0.0133752543017 0.224773444696 0.490000134013 0.02
0.0003 -2.39415280659 -0.766749170182 -1.04775495927 0 0 0 0.480098196061 0.83254646988 0.362363678996 0.02
0.0003 -2.157547876 -0.303877263326 1.01600339203 0 0 0 0.437248391748 0.669187291862 0.37746136593 0.02
0.0003 -1.55821850866 0.224865588752 0.359285874764 0 0 0 0.156749505036 0.231257368629 0.779871935024 0.02
0.0003 -2.03412661562 -0.486985370454 -0.912108732544 0 0 0 0.017069517733 0.763713292316 0.229803958075 0.02
0.0003 -1.27424357181 -0.745746548531 0.651776192285 0 0 0 0.04804513176 0.213824565923 0.311690908352 0.02
0.0003 -2.88017653965 -0.361320729341 -0.686529783144 0 0 0 0.00248879290008 0.397702598055 0.760413545376 0.02
0.0003 -2.31733788312 -0.90496127814 -0.643191824468 0 0 0 0.42097621197 0.56533970264 0.385262898104 0.02
0.0003 -1.8828903793 -0.177360048971 -0.960723881213 0 0 0 0.0116474537527 0.26067104878 0.340840705588 0.02
0.0003 -1.57700000192 -1.27085109235 0.588664867035 0 0 0 0.0499120695959 0.902469354678 0.628148459941 0.02
0.0003 -2.16283873015 -1.36796684183 0.312294439014 0 0 0 0.156418026324 0.559566680078 0.873255682082 0.02
0.0003 -1.41513148852 -1.35607396378 0.51208068272 0 0 0 0.0319167143655 0.418666815018 0.545692249002 0.02
0.0003 -1.78228764539 0.0137655098409 -0.870258332235 0 0 0 0.137389279503 0.635446314753 0.257650759526 0.02
0.0003 -1.81498281992 -1.36655633218 0.497933680727 0 0 0 0.150180900264 0.601677664437 0.514476555034 0.02
0.0003 -1.861242683 -0.659455794807 0.856909186178 0 0 0 0.139780638153 0.681977278748 0.448201822442 0.02
0.0003 -2.60757995153 0.220217795937 -0.494248932679 0 0 0 0.432546482467 0.760622139681 0.960824194163 0.02
0.0003 -1.93840047841 -0.561120288695 -0.88598694527 0 0 0 0.265375659596 0.871403752354 0.477994251616 0.02
0.0003 -1.93998100815 -0.614468704485 -0.801834547677 0 0 0 0.244986198639 0.943089237004 0.343810535751 0.02
0.0003 -2.0738164173 -1.39253520001 -0.516381009521 0 0 0 0.0782914378524 0.498480303613 0.909406391834 0.02
0.0003 -2.37561422054 -0.977717437536 -0.632540644799 0 0 0 0.187091130868 0.527765373054 0.396896409612 0.02
0.0003 -1.17803708363 -1.34908826784 -0.019116556414 0 0 0 0.103459608957 0.326331605903 0.356901371745 0.02
0.0003 -2.27048785481 -0.105984092845 0.966970940638 0 0 0 0.24685379362 0.571125102891 0.495435336291 0.02
0.0003 -1.696856986 0.286976609534 -0.258920456263 0 0 0 0.057227365123 0.226551850121 0.862560711205 0.02
0.0003 -2.05319951786 -0.308520928001 -1.07737878934 0 0 0 0.0945563996491 0.225775093624 0.691637679178 0.02
0.0003 -1.99623912173 -0.497298976906 0.913590236271 0 0 0 0.0560186548689 0.363767923322 0.945686302486 0.02
0.0003 -2.91429763226 -0.343856142159 0.710961977524 0 0 0 0.347281133541 0.204704891686 0.916268375493 0.02
0.0003 -1.32210020843 -0.491465653321 -0.946392096148 0 0 0 0.11945802374 0.806423136524 0.566433033227 0.02
0.0003 -1.48593802923 -0.356231100197 -1.00219832484 0 0 0 0.207181756375 0.43888210288 0.75576161618 0.02
0.0003 -2.14680174702 -1.23318907422 -0.791483681806 0 0 0 0.312582558392 0.759356897069 0.957276433463 0.02
0.0003 -1.85335584548 0.226720817234 -0.636097902541 0 0 0 0.0299362155086 0.554482748497 0.476634807824 0.02
0.0003 -1.57487472741 -0.71444602615 -0.859634782532 0 0 0 0.262891511832 0.664142800582 0.79720028792 0.02
0.0003 -2.29428436978 -0.0206069719691 0.720891879738 0 0 0 0.452121576161 0.550424312492 0.942661174562 0.02
0.0003 -1.70304309352 -1.44837622565 0.0343623644384 0 0 0 0.092888287502 0.622497663822 0.87826010081 0.02
0.0003 -2.56014295535 -1.23238829037 0.0960555175181 0 0 0 0.131336818719 0.830897239372 0.275605292345 0.02
0.0003 -2.84188532518 -0.592844785642 0.553480119993 0 0 0 0.0544313842494 0.28103243878 0.542458971424 0.02
0.0003 -1.1692564384 -0.705277777597 -0.78520272823 0 0 0 0.0789097451178 0.311500234018 0.665011485682 0.02
0.0003 -2.12211446734 0.47488159601 0.151733804852 0 0 0 0.291157159528 0.434525876723 0.300679102011 0.02
0.0003 -2.09389261311 0.439728425907 -0.48586008369 0 0 0 0.184972324011 0.529909834203 0.592541103569 0.02
0.0003 -3.1290112017 -0.633113544871 0.207021078399 0 0 0 0.147788616819 0.384995486135 0.510278222466 0.02
0.0003 -1.83594458195 -0.67532965606 -0.767304958806 0 0 0 0.252258955216 0.282970639567 0.882972975419 0.02
0.0003 -2.54282165669 -0.23979413957 -0.720694109821 0 0 0 0.135549780261 0.43900697007 0.844537189482 0.02
0.0003 -1.48062557426 -1.32610167187 -0.326925180511 0 0 0 0.355078058862 0.259310263609 0.353258169396 0.02
0.0003 -2.53190574834 -1.07727194908 0.704281968712 0 0 0 0.158271321264 0.319131554911 0.742509142549 0.02
0.0003 -1.85011802637 -1.5896448632 -0.424176869696 0 0 0 0.257772625852 0.879324766449 0.351115138095 0.02
0.0003 -2.88378923728 -0.0255857854301 0.329309979043 0 0 0 0.0741897945266 0.489878926516 0.735022504116 0.02
0.0003 -2.81848400038 -0.647494230104 0.218924628188 0 0 0 0.384008386176 0.570118461661 0.8159938365 0.02
0.0003 -1.93693913875 -0.513561697717 -0.985870302843 0 0 0 0.272064866431 0.236390445583 0.992364548808 0.02
0.0003 -2.345032825 0.0397547586963 -0.547973841528 0 0 0 0.00678064991367 0.923960336939 0.802280710546 0.02
0.0003 -1.78873999119 -0.0700874272965 -0.780436738163 0 0 0 0.260957572137 0.865715074345 0.935129301836 0.02
0.0003 -2.8399184264 -0.0889740760892 0.62318222936 0 0 0 0.276949113629 0.232821310284 0.35352151089 0.02
0.0003 -1.80407715925 -0.843148463342 -0.777917430345 0 0 0 0.128556790948 0.367884329859 0.616692137738 0.02
0.0003 -2.51855192781 0.183058653781 -0.049265471573 0 0 0 0.0527596872696 0.214012094864 0.856618645803 0.02
0.0003 -1.76833077987 -1.13593867029 -0.900601148119 0 0 0 0.160225973931 0.948835391581 0.559206160333 0.02
0.0003 -2.64862680488 -0.48729670948 -0.652307765343 0 0 0 0.0545789463761 0.91480010926 0.698361432919 0.02
0.0003 -2.21434488839 -0.0542496703802 -0.790479126316 0 0 0 0.0547420953125 0.584674921572 0.380776842715 0.02
0.0003 -2.54609100864 -0.522443136341 0.735477314028 0 0 0 0.327536988796 0.794471168543 0.592109330592 0.02
0.0003 -1.7247766279 -0.26251213463 -1.11568265113 0 0 0 0.406589535154 0.813205556634 0.654921298796 0.02
0.0003 -1.9270119974 -0.90728092869 0.932848877427 0 0 0 0.441012749641 0.214322803009 0.630684764279 0.02
0.0003 -2.34553613906 -1.25802241123 -0.161167601749 0 0 0 0.161053818567 0.817536965028 0.846042416014 0.02
0.0003 -1.94243583122 -0.300955160636 -1.11230538761 0 0 0 0.497379278114 0.698825948047 0.896919883665 0.02
0.0003 -1.561433508 -0.650613168261 -0.7183886028 0 0 0 0.0796105465405 0.324193348271 0.940203981469 0.02
0.0003 -1.06279981909 -0.675091285827 0.0891355069435 0 0 0 0.480563678407 0.669094502712 0.650694818979 0.02
0.0003 -2.59676396962 -0.0691488900792 -0.752246200116 0 0 0 0.167460520619 0.587765357761 0.701039912805 0.02
0.0003 -2.08403357156 -0.419822323944 0.829749107294 0 0 0 0.107119030893 0.353977197898 0.6119781454 0.02
0.0003 -1.50490034812 -0.408479238636 -0.826092656141 0 0 0 0.110629957152 0.849695328749 0.685909597426 0.02
0.0003 -1.2841027254 -0.980020645156 -0.371930823427 0 0 0 0.264482129371 0.277376141298 0.767489587892 0.02
0.0003 -2.27928081105 -0.124168297459 -0.810170570758 0 0 0 0.41963233353 0.652369705369 0.608955338452 0.02
0.0003 -2.15247322706 -0.459523459143 1.07996422997 0 0 0 0.280139313243 0.88825894828 0.355951675381 0.02
0.0003 -2.71248586503 -0.3590330049 -0.589672334201 0 0 0 0.437397822946 0.966458954791 0.328193847405 0.02
0.0003 -2.03191140688 0.162758698186 -0.533679175913 0 0 0 0.483464543596 0.700323088803 0.898866493697 0.02
0.0003 -1.68956629543 -0.394598720175 1.14388715076 0 0 0 0.0755570404556 0.509453228029 0.544492001804 0.02
0.0003 -2.09791366652 -0.20387732563 0.739284613819 0 0 0 0.104169720946 0.798885729009 0.224913530918 0.02
0.0003 -1.0234465758 -0.17169439998 0.541707376082 0 0 0 0.207280048586 0.963578470287 0.225450265757 0.02
0.0003 -2.61583643079 -0.890417682611 0.491764195012 0 0 0 0.107979019789 0.819913935084 0.803016926928 0.02
0.0003 -2.54869587004 -0.856928630022 0.517982658985 0 0 0 0.200306640202 0.515025147851 0.773545321525 0.02
0.0003 -1.67426087586 -0.264218571793 -1.00271496525 0 0 0 0.391117247666 0.578690639914 0.33608872247 0.02
0.0003 -1.71909300005 -0.378527541952 -1.07800173095 0 0 0 0.0514132410287 0.832154475748 0.896586692589 0.02
0.0003 -1.88483204896 -0.511182788198 0.946056394867 0 0 0 0.379434384485 0.937962739245 0.880175577494 0.02
0.0003 -1.7250644059 -1.35642066213 0.527166718764 0 0 0 0.125661859988 0.416434220318 0.702871452259 0.02
0.0003 -2.00312426588 -0.518770449981 1.06690291668 0 0 0 0.0702302860173 0.549228315072 0.853142920966 0.02
0.0003 -2.82066175075 -0.489964989604 0.614684377104 0 0 0 0.429750428694 0.261463352179 0.212439518575 0.02
0.0003 -2.29680986156 -1.14830995085 -0.629569092413 0 0 0 0.185233877691 0.20342749292 0.476360046028 0.02
0.0003 -2.50541790263 0.341526111905 0.401231514065 0 0 0 0.360694193597 0.813313009594 0.965636250618 0.02
0.0003 -1.43349524343 -0.68541364217 -0.66000339518 0 0 0 0.304464671147 0.301016603922 0.263248573165 0.02
0.03 2 0.5 0 -2 0 0 0.9 0.9 0.9 0.05
0.03 1.5 0.0 -0.5 -2 0 0 0.0 0.0 0.0 0.02
0.03 1.5 0.0 -0.375 -2 0 0 0.0 0.0 0.125 0.02
0.03 1.5 0.0 -0.25 -2 0 0 0.0 0.0 0.25 0.02
0.03 1.5 0.0 -0.125 -2 0 0 0.0 0.0 0.375 0.02
0.03 1.5 0.0 0.0 -2 0 0 0.0 0.0 0.5 0.02
0.03 1.5 0.0 0.125 -2 0 0 0.0 0.0 0.625 0.02
0.03 1.5 0.0 0.25 -2 0 0 0.0 0.0 0.75 0.02
0.03 1.5 0.0 0.375 -2 0 0 0.0 0.0 0.875 0.02
0.03 1.5 0.125 -0.5 -2 0 0 0.0 0.125 0.0 0.02
0.03 1.5 0.125 -0.375 -2 0 0 0.0 0.125 0.125 0.02
0.03 1.5 0.125 -0.25 -2 0 0 0.0 0.125 0.25 0.02
0.03 1.5 0.125 -0.125 -2 0 0 0.0 0.125 0.375 0.02
0.03 1.5 0.125 0.0 -2 0 0 0.0 0.125 0.5 0.02
0.03 1.5 0.125 0.125 -2 0 0 0.0 0.125 0.625 0.02
0.03 1.5 0.125 0.25 -2 0 0 0.0 0.125 0.75 0.02
0.03 1.5 0.125 0.375 -2 0 0 0.0 0.125 0.875 0.02
0.03 1.5 0.25 -0.5 -2 0 0 0.0 0.25 0.0 0.02
0.03 1.5 0.25 -0.375 -2 0 0 0.0 0.25 0.125 0.02
0.03 1.5 0.25 -0.25 -2 0 0 0.0 0.25 0.25 0.02
0.03 1.5 0.25 -0.125 -2 0 0 0.0 0.25 0.375 0.02
0.03 1.5 0.25 0.0 -2 0 0 0.0 0.25 0.5 0.02
0.03 1.5 0.25 0.125 -2 0 0 0.0 0.25 0.625 0.02
0.03 1.5 0.25 0.25 -2 0 0 0.0 0.25 0.75 0.02
0.03 1.5 0.25 0.375 -2 0 0 0.0 0.25 0.875 0.02
0.03 1.5 0.375 -0.5 -2 0 0 0.0 0.375 0.0 0.02
0.03 1.5 0.375 -0.375 -2 0 0 0.0 0.375 0.125 0.02
0.03 1.5 0.375 -0.25 -2 0 0 0.0 0.375 0.25 0.02
0.03 1.5 0.375 -0.125 -2 0 0 0.0 0.375 0.375 0.02
0.03 1.5 0.375 0.0 -2 0 0 0.0 0.375 0.5 0.02
0.03 1.5 0.375 0.125 -2 0 0 0.0 0.375 0.625 0.02
0.03 1.5 0.375 0.25 -2 0 0 0.0 0.375 0.75 0.02
0.03 1.5 0.375 0.375 -2 0 0 0.0 0.375 0.875 0.02
0.03 1.5 0.5 -0.5 -2 0 0 0.0 0.5 0.0 0.02
0.03 1.5 0.5 -0.375 -2 0 0 0.0 0.5 0.125 0.02
0.03 1.5 0.5 -0.25 -2 0 0 0.0 0.5 0.25 0.02
0.03 1.5 0.5 -0.125 -2 0 0 0.0 0.5 0.375 0.02
0.03 1.5 0.5 0.0 -2 0 0 0.0 0.5 0.5 0.02
0.03 1.5 0.5 0.125 -2 0 0 0.0 0.5 0.625 0.02
0.03 1.5 0.5 0.25 -2 0 0 0.0 0.5 0.75 0.02
0.03 1.5 0.5 0.375 -2 0 0 0.0 0.5 0.875 0.02
0.03 1.5 0.625 -0.5 -2 0 0 0.0 0.625 0.0 0.02
0.03 1.5 0.625 -0.375 -2 0 0 0.0 0.625 0.125 0.02
0.03 1.5 0.625 -0.25 -2 0 0 0.0 0.625 0.25 0.02
0.03 1.5 0.625 -0.125 -2 0 0 0.0 0.625 0.375 0.02
0.03 1.5 0.625 0.0 -2 0 0 0.0 0.625 0.5 0.02
0.03 1.5 0.625 0.125 -2 0 0 0.0 0.625 0.625 0.02
0.03 1.5 0.625 0.25 -2 0 0 0.0 0.625 0.75 0.02
0.03 1.5 0.625 0.375 -2 0 0 0.0 0.625 0.875 0.02
0.03 1.5 0.75 -0.5 -2 0 0 0.0 0.75 0.0 0.02
0.03 1.5 0.75 -0.375 -2 0 0 0.0 0.75 0.125 0.02
0.03 1.5 0.75 -0.25 -2 0 0 0.0 0.75 0.25 0.02
0.03 1.5 0.75 -0.125 -2 0 0 0.0 0.75 0.375 0.02
0.03 1.5 0.75 0.0 -2 0 0 0.0 0.75 0.5 0.02
0.03 1.5 0.75 0.125 -2 0 0 0.0 0.75 0.625 0.02
0.03 1.5 0.75 0.25 -2 0 0 0.0 0.75 0.75 0.02
0.03 1.5 0.75 0.375 -2 0 0 0.0 0.75 0.875 0.02
0.03 1.5 0.875 -0.5 -2 0 0 0.0 0.875 0.0 0.02
0.03 1.5 0.875 -0.375 -2 0 0 0.0 0.875 0.125 0.02
0.03 1.5 0.875 -0.25 -2 0 0 0.0 0.875 0.25 0.02
0.03 1.5 0.875 -0.125 -2 0 0 0.0 0.875 0.375 0.02
0.03 1.5 0.875 0.0 -2 0 0 0.0 0.875 0.5 0.02
0.03 1.5 0.875 0.125 -2 0 0 0.0 0.875 0.625 0.02
0.03 1.5 0.875 0.25 -2 0 0 0.0 0.875 0.75 0.02
0.03 1.5 0.875 0.375 -2 0 0 0.0 0.875 0.875 0.02
0.03 1.625 0.0 -0.5 -2 0 0 0.125 0.0 0.0 0.02
0.03 1.625 0.0 -0.375 -2 0 0 0.125 0.0 0.125 0.02
0.03 1.625 0.0 -0.25 -2 0 0 0.125 0.0 0.25 0.02
0.03 1.625 0.0 -0.125 -2 0 0 0.125 0.0 0.375 0.02
0.03 1.625 0.0 0.0 -2 0 0 0.125 0.0 0.5 0.02
0.03 1.625 0.0 0.125 -2 0 0 0.125 0.0 0.625 0.02
0.03 1.625 0.0 0.25 -2 0 0 0.125 0.0 0.75 0.02
0.03 1.625 0.0 0.375 -2 0 0 0.125 0.0 0.875 0.02
0.03 1.625 0.125 -0.5 -2 0 0 0.125 0.125 0.0 0.02
0.03 1.625 0.125 -0.375 -2 0 0 0.125 0.125 0.125 0.02
0.03 1.625 0.125 -0.25 -2 0 0 0.125 0.125 0.25 0.02
0.03 1.625 0.125 -0.125 -2 0 0 0.125 0.125 0.375 0.02
0.03 1.625 0.125 0.0 -2 0 0 0.125 0.125 0.5 0.02
0.03 1.625 0.125 0.125 -2 0 0 0.125 0.125 0.625 0.02
0.03 1.625 0.125 0.25 -2 0 0 0.125 0.125 0.75 0.02
0.03 1.625 0.125 0.375 -2 0 0 0.125 0.125 0.875 0.02
0.03 1.625 0.25 -0.5 -2 0 0 0.125 0.25 0.0 0.02
0.03 1.625 0.25 -0.375 -2 0 0 0.125 0.25 0.125 0.02
0.03 1.625 0.25 -0.25 -2 0 0 0.125 0.25 0.25 0.02
0.03 1.625 0.25 -0.125 -2 0 0 0.125 0.25 0.375 0.02
0.03 1.625 0.25 0.0 -2 0 0 0.125 0.25 0.5 0.02
0.03 1.625 0.25 0.125 -2 0 0 0.125 0.25 0.625 0.02
0.03 1.625 0.25 0.25 -2 0 0 0.125 0.25 0.75 0.02
0.03 1.625 0.25 0.375 -2 0 0 0.125 0.25 0.875 0.02
0.03 1.625 0.375 -0.5 -2 0 0 0.125 0.375 0.0 0.02
0.03 1.625 0.375 -0.375 -2 0 0 0.125 0.375 0.125 0.02
0.03 1.625 0.375 -0.25 -2 0 0 0.125 0.375 0.25 0.02
0.03 1.625 0.375 -0.125 -2 0 0 0.125 0.375 0.375 0.02
0.03 1.625 0.375 0.0 -2 0 0 0.125 0.375 0.5 0.02
0.03 1.625 0.375 0.125 -2 0 0 0.125 0.375 0.625 0.02
0.03 1.625 0.375 0.25 -2 0 0 0.125 0.375 0.75 0.02
0.03 1.625 0.375 0.375 -2 0 0 0.125 0.375 0.875 0.02
0.03 1.625 0.5 -0.5 -2 0 0 0.125 0.5 0.0 0.02
0.03 1.625 0.5 -0.375 -2 0 0 0.125 0.5 0.125 0.02
0.03 1.625 0.5 -0.25 -2 0 0 0.125 0.5 0.25 0.02
0.03 1.625 0.5 -0.125 -2 0 0 0.125 0.5 0.375 0.02
0.03 1.625 0.5 0.0 -2 0 0 0.125 0.5 0.5 0.02
0.03 1.625 0.5 0.125 -2 0 0 0.125 0.5 0.625 0.02
0.03 1.625 0.5 0.25 -2 0 0 0.125 0.5 0.75 0.02
0.03 1.625 0.5 0.375 -2 0 0 0.125 0.5 0.875 0.02
0.03 1.625 0.625 -0.5 -2 0 0 0.125 0.625 0.0 0.02
0.03 1.625 0.625 -0.375 -2 0 0 0.125 0.625 0.125 0.02
0.03 1.625 0.625 -0.25 -2 0 0 0.125 0.625 0.25 0.02
0.03 1.625 0.625 -0.125 -2 0 0 0.125 0.625 0.375 0.02
0.03 1.625 0.625 0.0 -2 0 0 0.125 0.625 0.5 0.02
0.03 1.625 0.625 0.125 -2 0 0 0.125 0.625 0.625 0.02
0.03 1.625 0.625 0.25 -2 0 0 0.125 0.625 0.75 0.02
0.03 1.625 0.625 0.375 -2 0 0 0.125 0.625 0.875 0.02
0.03 1.625 0.75 -0.5 -2 0 0 0.125 0.75 0.0 0.02
0.03 1.625 0.75 -0.375 -2 0 0 0.125 0.75 0.125 0.02
0.03 1.625 0.75 -0.25 -2 0 0 0.125 0.75 0.25 0.02
0.03 1.625 0.75 -0.125 -2 0 0 0.125 0.75 0.375 0.02
0.03 1.625 0.75 0.0 -2 0 0 0.125 0.75 0.5 0.02
0.03 1.625 0.75 0.125 -2 0 0 0.125 0.75 0.625 0.02
0.03 1.625 0.75 0.25 -2 0 0 0.125 0.75 0.75 0.02
0.03 1.625 0.75 0.375 -2 0 0 0.125 0.75 0.875 0.02
0.03 1.625 0.875 -0.5 -2 0 0 0.125 0.875 0.0 0.02
0.03 1.625 0.875 -0.375 -2 0 0 0.125 0.875 0.125 0.02
0.03 1.625 0.875 -0.25 -2 0 0 0.125 0.875 0.25 0.02
0.03 1.625 0.875 -0.125 -2 0 0 0.125 0.875 0.375 0.02
0.03 1.625 0.875 0.0 -2 0 0 0.125 0.875 0.5 0.02
0.03 1.625 0.875 0.125 -2 0 0 0.125 0.875 0.625 0.02
0.03 1.625 0.875 0.25 -2 0 0 0.125 0.875 0.75 0.02
0.03 1.625 0.875 0.375 -2 0 0 0.125 0.875 0.875 0.02
0.03 1.75 0.0 -0.5 -2 0 0 0.25 0.0 0.0 0.02
0.03 1.75 0.0 -0.375 -2 0 0 0.25 0.0 0.125 0.02
0.03 1.75 0.0 -0.25 -2 0 0 0.25 0.0 0.25 0.02
0.03 1.75 0.0 -0.125 -2 0 0 0.25 0.0 0.375 0.02
0.03 1.75 0.0 0.0 -2 0 0 0.25 0.0 0.5 0.02
0.03 1.75 0.0 0.125 -2 0 0 0.25 0.0 0.625 0.02
0.03 1.75 0.0 0.25 -2 0 0 0.25 0.0 0.75 0.02
0.03 1.75 0.0 0.375 -2 0 0 0.25 0.0 0.875 0.02
0.03 1.75 0.125 -0.5 -2 0 0 0.25 0.125 0.0 0.02
0.03 1.75 0.125 -0.375 -2 0 0 0.25 0.125 0.125 0.02
0.03 1.75 0.125 -0.25 -2 0 0 0.25 0.125 0.25 0.02
0.03 1.75 0.125 -0.125 -2 0 0 0.25 0.125 0.375 0.02
0.03 1.75 0.125 0.0 -2 0 0 0.25 0.125 0.5 0.02
0.03 1.75 0.125 0.125 -2 0 0 0.25 0.125 0.625 0.02
0.03 1.75 0.125 0.25 -2 0 0 0.25 0.125 0.75 0.02
0.03 1.75 0.125 0.375 -2 0 0 0.25 0.125 0.875 0.02
0.03 1.75 0.25 -0.5 -2 0 0 0.25 0.25 0.0 0.02
0.03 1.75 0.25 -0.375 -2 0 0 0.25 0.25 0.125 0.02
0.03 1.75 0.25 -0.25 -2 0 0 0.25 0.25 0.25 0.02
0.03 1.75 0.25 -0.125 -2 0 0 0.25 0.25 0.375 0.02
0.03 1.75 0.25 0.0 -2 0 0 0.25 0.25 0.5 0.02
0.03 1.75 0.25 0.125 -2 0 0 0.25 0.25 0.625 0.02
0.03 1.75 0.25 0.25 -2 0 0 0.25 0.25 0.75 0.02
0.03 1.75 0.25 0.375 -2 0 0 0.25 0.25 0.875 0.02
0.03 1.75 0.375 -0.5 -2 0 0 0.25 0.375 0.0 0.02
0.03 1.75 0.375 -0.375 -2 0 0 0.25 0.375 0.125 0.02
0.03 1.75 0.375 -0.25 -2 0 0 0.25 0.375 0.25 0.02
0.03 1.75 0.375 -0.125 -2 0 0 0.25 0.375 0.375 0.02
0.03 1.75 0.375 0.0 -2 0 0 0.25 0.375 0.5 0.02
0.03 1.75 0.375 0.125 -2 0 0 0.25 0.375 0.625 0.02
0.03 1.75 0.375 0.25 -2 0 0 0.25 0.375 0.75 0.02
0.03 1.75 0.375 0.375 -2 0 0 0.25 0.375 0.875 0.02
0.03 1.75 0.5 -0.5 -2 0 0 0.25 0.5 0.0 0.02
0.03 1.75 0.5 -0.375 -2 0 0 0.25 0.5 0.125 0.02
0.03 1.75 0.5 -0.25 -2 0 0 0.25 0.5 0.25 0.02
0.03 1.75 0.5 -0.125 -2 0 0 0.25 0.5 0.375 0.02
0.03 1.75 0.5 0.0 -2 0 0 0.25 0.5 0.5 0.02
0.03 1.75 0.5 0.125 -2 0 0 0.25 0.5 0.625 0.02
0.03 1.75 0.5 0.25 -2 0 0 0.25 0.5 0.75 0.02
0.03 1.75 0.5 0.375 -2 0 0 0.25 0.5 0.875 0.02
0.03 1.75 0.625 -0.5 -2 0 0 0.25 0.625 0.0 0.02
0.03 1.75 0.625 -0.375 -2 0 0 0.25 0.625 0.125 0.02
0.03 1.75 0.625 -0.25 -2 0 0 0.25 0.625 0.25 0.02
0.03 1.75 0.625 -0.125 -2 0 0 0.25 0.625 0.375 0.02
0.03 1.75 0.625 0.0 -2 0 0 0.25 0.625 0.5 0.02
0.03 1.75 0.625 0.125 -2 0 0 0.25 0.625 0.625 0.02
0.03 1.75 0.625 0.25 -2 0 0 0.25 0.625 0.75 0.02
0.03 1.75 0.625 0.375 -2 0 0 0.25 0.625 0.875 0.02
0.03 1.75 0.75 -0.5 -2 0 0 0.25 0.75 0.0 0.02
0.03 1.75 0.75 -0.375 -2 0 0 0.25 0.75 0.125 0.02
0.03 1.75 0.75 -0.25 -2 0 0 0.25 0.75 0.25 0.02
0.03 1.75 0.75 -0.125 -2 0 0 0.25 0.75 0.375 0.02
0.03 1.75 0.75 0.0 -2 0 0 0.25 0.75 0.5 0.02
0.03 1.75 0.75 0.125 -2 0 0 0.25 0.75 0.625 0.02
0.03 1.75 0.75 0.25 -2 0 0 0.25 0.75 0.75 0.02
0.03 1.75 0.75 0.375 -2 0 0 0.25 0.75 0.875 0.02
0.03 1.75 0.875 -0.5 -2 0 0 0.25 0.875 0.0 0.02
0.03 1.75 0.875 -0.375 -2 0 0 0.25 0.875 0.125 0.02
0.03 1.75 0.875 -0.25 -2 0 0 0.25 0.875 0.25 0.02
0.03 1.75 0.875 -0.125 -2 0 0 0.25 0.875 0.375 0.02
0.03 1.75 0.875 0.0 -2 0 0 0.25 0.875 0.5 0.02
0.03 1.75 0.875 0.125 -2 0 0 0.25 0.875 0.625 0.02
0.03 1.75 0.875 0.25 -2 0 0 0.25 0.875 0.75 0.02
0.03 1.75 0.875 0.375 -2 0 0 0.25 0.875 0.875 0.02
0.03 1.875 0.0 -0.5 -2 0 0 0.375 0.0 0.0 0.02
0.03 1.875 0.0 -0.375 -2 0 0 0.375 0.0 0.125 0.02
0.03 1.875 0.0 -0.25 -2 0 0 0.375 0.0 0.25 0.02
0.03 1.875 0.0 -0.125 -2 0 0 0.375 0.0 0.375 0.02
0.03 1.875 0.0 0.0 -2 0 0 0.375 0.0 0.5 0.02
0.03 1.875 0.0 0.125 -2 0 0 0.375 0.0 0.625 0.02
0.03 1.875 0.0 0.25 -2 0 0 0.375 0.0 0.75 0.02
0.03 1.875 0.0 0.375 -2 0 0 0.375 0.0 0.875 0.02
0.03 1.875 0.125 -0.5 -2 0 0 0.375 0.125 0.0 0.02
0.03 1.875 0.125 -0.375 -2 0 0 0.375 0.125 0.125 0.02
0.03 1.875 0.125 -0.25 -2 0 0 0.375 0.125 0.25 0.02
0.03 1.875 0.125 -0.125 -2 0 0 0.375 0.125 0.375 0.02
0.03 1.875 0.125 0.0 -2 0 0 0.375 0.125 0.5 0.02
0.03 1.875 0.125 0.125 -2 0 0 0.375 0.125 0.625 0.02
0.03 1.875 0.125 0.25 -2 0 0 0.375 0.125 0.75 0.02
0.03 1.875 0.125 0.375 -2 0 0 0.375 0.125 0.875 0.02
0.03 1.875 0.25 -0.5 -2 0 0 0.375 0.25 0.0 0.02
0.03 1.875 0.25 -0.375 -2 0 0 0.375 0.25 0.125 0.02
0.03 1.875 0.25 -0.25 -2 0 0 0.375 0.25 0.25 0.02
0.03 1.875 0.25 -0.125 -2 0 0 0.375 0.25 0.375 0.02
0.03 1.875 0.25 0.0 -2 0 0 0.375 0.25 0.5 0.02
0.03 1.875 0.25 0.125 -2 0 0 0.375 0.25 0.625 0.02
0.03 1.875 0.25 0.25 -2 0 0 0.375 0.25 0.75 0.02
0.03 1.875 0.25 0.375 -2 0 0 0.375 0.25 0.875 0.02
0.03 1.875 0.375 -0.5 -2 0 0 0.375 0.375 0.0 0.02
0.03 1.875 0.375 -0.375 -2 0 0 0.375 0.375 0.125 0.02
0.03 1.875 0.375 -0.25 -2 0 0 0.375 0.375 0.25 0.02
0.03 1.875 0.375 -0.125 -2 0 0 0.375 0.375 0.375 0.02
0.03 1.875 0.375 0.0 -2 0 0 0.375 0.375 0.5 0.02
0.03 1.875 0.375 0.125 -2 0 0 0.375 0.375 0.625 0.02
0.03 1.875 0.375 0.25 -2 0 0 0.375 0.375 0.75 0.02
0.03 1.875 0.375 0.375 -2 0 0 0.375 0.375 0.875 0.02
0.03 1.875 0.5 -0.5 -2 0 0 0.375 0.5 0.0 0.02
0.03 1.875 0.5 -0.375 -2 0 0 0.375 0.5 0.125 0.02
0.03 1.875 0.5 -0.25 -2 0 0 0.375 0.5 0.25 0.02
0.03 1.875 0.5 -0.125 -2 0 0 0.375 0.5 0.375 0.02
0.03 1.875 0.5 0.0 -2 0 0 0.375 0.5 0.5 0.02
0.03 1.875 0.5 0.125 -2 0 0 0.375 0.5 0.625 0.02
0.03 1.875 0.5 0.25 -2 0 0 0.375 0.5 0.75 0.02
0.03 1.875 0.5 0.375 -2 0 0 0.375 0.5 0.875 0.02
0.03 1.875 0.625 -0.5 -2 0 0 0.375 0.625 0.0 0.02
0.03 1.875 0.625 -0.375 -2 0 0 0.375 0.625 0.125 0.02
0.03 1.875 0.625 -0.25 -2 0 0 0.375 0.625 0.25 0.02
0.03 1.875 0.625 -0.125 -2 0 0 0.375 0.625 0.375 0.02
0.03 1.875 0.625 0.0 -2 0 0 0.375 0.625 0.5 0.02
0.03 1.875 0.625 0.125 -2 0 0 0.375 0.625 0.625 0.02
0.03 1.875 0.625 0.25 -2 0 0 0.375 0.625 0.75 0.02
0.03 1.875 0.625 0.375 -2 0 0 0.375 0.625 0.875 0.02
0.03 1.875 0.75 -0.5 -2 0 0 0.375 0.75 0.0 0.02
0.03 1.875 0.75 -0.375 -2 0 0 0.375 0.75 0.125 0.02
0.03 1.875 0.75 -0.25 -2 0 0 0.375 0.75 0.25 0.02
0.03 1.875 0.75 -0.125 -2 0 0 0.375 0.75 0.375 0.02
0.03 1.875 0.75 0.0 -2 0 0 0.375 0.75 0.5 0.02
0.03 1.875 0.75 0.125 -2 0 0 0.375 0.75 0.625 0.02
0.03 1.875 0.75 0.25 -2 0 0 0.375 0.75 0.75 0.02
0.03 1.875 0.75 0.375 -2 0 0 0.375 0.75 0.875 0.02
0.03 1.875 0.875 -0.5 -2 0 0 0.375 0.875 0.0 0.02
0.03 1.875 0.875 -0.375 -2 0 0 0.375 0.875 0.125 0.02
0.03 1.875 0.875 -0.25 -2 0 0 0.375 0.875 0.25 0.02
0.03 1.875 0.875 -0.125 -2 0 0 0.375 0.875 0.375 0.02
0.03 1.875 0.875 0.0 -2 0 0 0.375 0.875 0.5 0.02
0.03 1.875 0.875 0.125 -2 0 0 0.375 0.875 0.625 0.02
0.03 1.875 0.875 0.25 -2 0 0 0.375 0.875 0.75 0.02
0.03 1.875 0.875 0.375 -2 0 0 0.375 0.875 0.875 0.02
0.03 2.0 0.0 -0.5 -2 0 0 0.5 0.0 0.0 0.02
0.03 2.0 0.0 -0.375 -2 0 0 0.5 0.0 0.125 0.02
0.03 2.0 0.0 -0.25 -2 0 0 0.5 0.0 0.25 0.02
0.03 2.0 0.0 -0.125 -2 0 0 0.5 0.0 0.375 0.02
0.03 2.0 0.0 0.0 -2 0 0 0.5 0.0 0.5 0.02
0.03 2.0 0.0 0.125 -2 0 0 0.5 0.0 0.625 0.02
0.03 2.0 0.0 0.25 -2 0 0 0.5 0.0 0.75 0.02
0.03 2.0 0.0 0.375 -2 0 0 0.5 0.0 0.875 0.02
0.03 2.0 0.125 -0.5 -2 0 0 0.5 0.125 0.0 0.02
0.03 2.0 0.125 -0.375 -2 0 0 0.5 0.125 0.125 0.02
0.03 2.0 0.125 -0.25 -2 0 0 0.5 0.125 0.25 0.02
0.03 2.0 0.125 -0.125 -2 0 0 0.5 0.125 0.375 0.02
0.03 2.0 0.125 0.0 -2 0 0 0.5 0.125 0.5 0.02
0.03 2.0 0.125 0.125 -2 0 0 0.5 0.125 0.625 0.02
0.03 2.0 0.125 0.25 -2 0 0 0.5 0.125 0.75 0.02
0.03 2.0 0.125 0.375 -2 0 0 0.5 0.125 0.875 0.02
0.03 2.0 0.25 -0.5 -2 0 0 0.5 0.25 0.0 0.02
0.03 2.0 0.25 -0.375 -2 0 0 0.5 0.25 0.125 0.02
0.03 2.0 0.25 -0.25 -2 0 0 0.5 0.25 0.25 0.02
0.03 2.0 0.25 -0.125 -2 0 0 0.5 0.25 0.375 0.02
0.03 2.0 0.25 0.0 -2 0 0 0.5 0.25 0.5 0.02
0.03 2.0 0.25 0.125 -2 0 0 0.5 0.25 0.625 0.02
0.03 2.0 0.25 0.25 -2 0 0 0.5 0.25 0.75 0.02
0.03 2.0 0.25 0.375 -2 0 0 0.5 0.25 0.875 0.02
0.03 2.0 0.375 -0.5 -2 0 0 0.5 0.375 0.0 0.02
0.03 2.0 0.375 -0.375 -2 0 0 0.5 0.375 0.125 0.02
0.03 2.0 0.375 -0.25 -2 0 0 0.5 0.375 0.25 0.02
0.03 2.0 0.375 -0.125 -2 0 0 0.5 0.375 0.375 0.02
0.03 2.0 0.375 0.0 -2 0 0 0.5 0.375 0.5 0.02
0.03 2.0 0.375 0.125 -2 0 0 0.5 0.375 0.625 0.02
0.03 2.0 0.375 0.25 -2 0 0 0.5 0.375 0.75 0.02
0.03 2.0 0.375 0.375 -2 0 0 0.5 0.375 0.875 0.02
0.03 2.0 0.5 -0.5 -2 0 0 0.5 0.5 0.0 0.02
0.03 2.0 0.5 -0.375 -2 0 0 0.5 0.5 0.125 0.02
0.03 2.0 0.5 -0.25 -2 0 0 0.5 0.5 0.25 0.02
0.03 2.0 0.5 -0.125 -2 0 0 0.5 0.5 0.375 0.02
0.03 2.0 0.5 0.0 -2 0 0 0.5 0.5 0.5 0.02
0.03 2.0 0.5 0.125 -2 0 0 0.5 0.5 0.625 0.02
0.03 2.0 0.5 0.25 -2 0 0 0.5 0.5 0.75 0.02
0.03 2.0 0.5 0.375 -2 0 0 0.5 0.5 0.875 0.02
0.03 2.0 0.625 -0.5 -2 0 0 0.5 0.625 0.0 0.02
0.03 2.0 0.625 -0.375 -2 0 0 0.5 0.625 0.125 0.02
0.03 2.0 0.625 -0.25 -2 0 0 0.5 0.625 0.25 0.02
0.03 2.0 0.625 -0.125 -2 0 0 0.5 0.625 0.375 0.02
0.03 2.0 0.625 0.0 -2 0 0 0.5 0.625 0.5 0.02
0.03 2.0 0.625 0.125 -2 0 0 0.5 0.625 0.625 0.02
0.03 2.0 0.625 0.25 -2 0 0 0.5 0.625 0.75 0.02
0.03 2.0 0.625 0.375 -2 0 0 0.5 0.625 0.875 0.02
0.03 2.0 0.75 -0.5 -2 0 0 0.5 0.75 0.0 0.02
0.03 2.0 0.75 -0.375 -2 0 0 0.5 0.75 0.125 0.02
0.03 2.0 0.75 -0.25 -2 0 0 0.5 0.75 0.25 0.02
0.03 2.0 0.75 -0.125 -2 0 0 0.5 0.75 0.375 0.02
0.03 2.0 0.75 0.0 -2 0 0 0.5 0.75 0.5 0.02
0.03 2.0 0.75 0.125 -2 0 0 0.5 0.75 0.625 0.02
0.03 2.0 0.75 0.25 -2 0 0 0.5 0.75 0.75 0.02
0.03 2.0 0.75 0.375 -2 0 0 0.5 0.75 0.875 0.02
0.03 2.0 0.875 -0.5 -2 0 0 0.5 0.875 0.0 0.02
0.03 2.0 0.875 -0.375 -2 0 0 0.5 0.875 0.125 0.02
0.03 2.0 0.875 -0.25 -2 0 0 0.5 0.875 0.25 0.02
0.03 2.0 0.875 -0.125 -2 0 0 0.5 0.875 0.375 0.02
0.03 2.0 0.875 0.0 -2 0 0 0.5 0.875 0.5 0.02
0.03 2.0 0.875 0.125 -2 0 0 0.5 0.875 0.625 0.02
0.03 2.0 0.875 0.25 -2 0 0 0.5 0.875 0.75 0.02
0.03 2.0 0.875 0.375 -2 0 0 0.5 0.875 0.875 0.02
0.03 2.125 0.0 -0.5 -2 0 0 0.625 0.0 0.0 0.02
0.03 2.125 0.0 -0.375 -2 0 0 0.625 0.0 0.125 0.02
0.03 2.125 0.0 -0.25 -2 0 0 0.625 0.0 0.25 0.02
0.03 2.125 0.0 -0.125 -2 0 0 0.625 0.0 0.375 0.02
0.03 2.125 0.0 0.0 -2 0 0 0.625 0.0 0.5 0.02
0.03 2.125 0.0 0.125 -2 0 0 0.625 0.0 0.625 0.02
0.03 2.125 0.0 0.25 -2 0 0 0.625 0.0 0.75 0.02
0.03 2.125 0.0 0.375 -2 0 0 0.625 0.0 0.875 0.02
0.03 2.125 0.125 -0.5 -2 0 0 0.625 0.125 0.0 0.02
0.03 2.125 0.125 -0.375 -2 0 0 0.625 0.125 0.125 0.02
0.03 2.125 0.125 -0.25 -2 0 0 0.625 0.125 0.25 0.02
0.03 2.125 0.125 -0.125 -2 0 0 0.625 0.125 0.375 0.02
0.03 2.125 0.125 0.0 -2 0 0 0.625 0.125 0.5 0.02
0.03 2.125 0.125 0.125 -2 0 0 0.625 0.125 0.625 0.02
0.03 2.125 0.125 0.25 -2 0 0 0.625 0.125 0.75 0.02
0.03 2.125 0.125 0.375 -2 0 0 0.625 0.125 0.875 0.02
0.03 2.125 0.25 -0.5 -2 0 0 0.625 0.25 0.0 0.02
0.03 2.125 0.25 -0.375 -2 0 0 0.625 0.25 0.125 0.02
0.03 2.125 0.25 -0.25 -2 0 0 0.625 0.25 0.25 0.02
0.03 2.125 0.25 -0.125 -2 0 0 0.625 0.25 0.375 0.02
0.03 2.125 0.25 0.0 -2 0 0 0.625 0.25 0.5 0.02
0.03 2.125 0.25 0.125 -2 0 0 0.625 0.25 0.625 0.02
0.03 2.125 0.25 0.25 -2 0 0 0.625 0.25 0.75 0.02
0.03 2.125 0.25 0.375 -2 0 0 0.625 0.25 0.875 0.02
0.03 2.125 0.375 -0.5 -2 0 0 0.625 0.375 0.0 0.02
0.03 2.125 0.375 -0.375 -2 0 0 0.625 0.375 0.125 0.02
0.03 2.125 0.375 -0.25 -2 0 0 0.625 0.375 0.25 0.02
0.03 2.125 0.375 -0.125 -2 0 0 0.625 0.375 0.375 0.02
0.03 2.125 0.375 0.0 -2 0 0 0.625 0.375 0.5 0.02
0.03 2.125 0.375 0.125 -2 0 0 0.625 0.375 0.625 0.02
0.03 2.125 0.375 0.25 -2 0 0 0.625 0.375 0.75 0.02
0.03 2.125 0.375 0.375 -2 0 0 0.625 0.375 0.875 0.02
0.03 2.125 0.5 -0.5 -2 0 0 0.625 0.5 0.0 0.02
0.03 2.125 0.5 -0.375 -2 0 0 0.625 0.5 0.125 0.02
0.03 2.125 0.5 -0.25 -2 0 0 0.625 0.5 0.25 0.02
0.03 2.125 0.5 -0.125 -2 0 0 0.625 0.5 0.375 0.02
0.03 2.125 0.5 0.0 -2 0 0 0.625 0.5 0.5 0.02
0.03 2.125 0.5 0.125 -2 0 0 0.625 0.5 0.625 0.02
0.03 2.125 0.5 0.25 -2 0 0 0.625 0.5 0.75 0.02
0.03 2.125 0.5 0.375 -2 0 0 0.625 0.5 0.875 0.02
0.03 2.125 0.625 -0.5 -2 0 0 0.625 0.625 0.0 0.02
0.03 2.125 0.625 -0.375 -2 0 0 0.625 0.625 0.125 0.02
0.03 2.125 0.625 -0.25 -2 0 0 0.625 0.625 0.25 0.02
0.03 2.125 0.625 -0.125 -2 0 0 0.625 0.625 0.375 0.02
0.03 2.125 0.625 0.0 -2 0 0 0.625 0.625 0.5 0.02
0.03 2.125 0.625 0.125 -2 0 0 0.625 0.625 0.625 0.02
0.03 2.125 0.625 0.25 -2 0 0 0.625 0.625 0.75 0.02
0.03 2.125 0.625 0.375 -2 0 0 0.625 0.625 0.875 0.02
0.03 2.125 0.75 -0.5 -2 0 0 0.625 0.75 0.0 0.02
0.03 2.125 0.75 -0.375 -2 0 0 0.625 0.75 0.125 0.02
0.03 2.125 0.75 -0.25 -2 0 0 0.625 0.75 0.25 0.02
0.03 2.125 0.75 -0.125 -2 0 0 0.625 0.75 0.375 0.02
0.03 2.125 0.75 0.0 -2 0 0 0.625 0.75 0.5 0.02
0.03 2.125 0.75 0.125 -2 0 0 0.625 0.75 0.625 0.02
0.03 2.125 0.75 0.25 -2 0 0 0.625 0.75 0.75 0.02
0.03 2.125 0.75 0.375 -2 0 0 0.625 0.75 0.875 0.02
0.03 2.125 0.875 -0.5 -2 0 0 0.625 0.875 0.0 0.02
0.03 2.125 0.875 -0.375 -2 0 0 0.625 0.875 0.125 0.02
0.03 2.125 0.875 -0.25 -2 0 0 0.625 0.875 0.25 0.02
0.03 2.125 0.875 -0.125 -2 0 0 0.625 0.875 0.375 0.02
0.03 2.125 0.875 0.0 -2 0 0 0.625 0.875 0.5 0.02
0.03 2.125 0.875 0.125 -2 0 0 0.625 0.875 0.625 0.02
0.03 2.125 0.875 0.25 -2 0 0 0.625 0.875 0.75 0.02
0.03 2.125 0.875 0.375 -2 0 0 0.625 0.875 0.875 0.02
0.03 2.25 0.0 -0.5 -2 0 0 0.75 0.0 0.0 0.02
0.03 2.25 0.0 -0.375 -2 0 0 0.75 0.0 0.125 0.02
0.03 2.25 0.0 -0.25 -2 0 0 0.75 0.0 0.25 0.02
0.03 2.25 0.0 -0.125 -2 0 0 0.75 0.0 0.375 0.02
0.03 2.25 0.0 0.0 -2 0 0 0.75 0.0 0.5 0.02
0.03 2.25 0.0 0.125 -2 0 0 0.75 0.0 0.625 0.02
0.03 2.25 0.0 0.25 -2 0 0 0.75 0.0 0.75 0.02
0.03 2.25 0.0 0.375 -2 0 0 0.75 0.0 0.875 0.02
0.03 2.25 0.125 -0.5 -2 0 0 0.75 0.125 0.0 0.02
0.03 2.25 0.125 -0.375 -2 0 0 0.75 0.125 0.125 0.02
0.03 2.25 0.125 -0.25 -2 0 0 0.75 0.125 0.25 0.02
0.03 2.25 0.125 -0.125 -2 0 0 0.75 0.125 0.375 0.02
0.03 2.25 0.125 0.0 -2 0 0 0.75 0.125 0.5 0.02
0.03 2.25 0.125 0.125 -2 0 0 0.75 0.125 0.625 0.02
0.03 2.25 0.125 0.25 -2 0 0 0.75 0.125 0.75 0.02
0.03 2.25 0.125 0.375 -2 0 0 0.75 0.125 0.875 0.02
0.03 2.25 0.25 -0.5 -2 0 0 0.75 0.25 0.0 0.02
0.03 2.25 0.25 -0.375 -2 0 0 0.75 0.25 0.125 0.02
0.03 2.25 0.25 -0.25 -2 0 0 0.75 0.25 0.25 0.02
0.03 2.25 0.25 -0.125 -2 0 0 0.75 0.25 0.375 0.02
0.03 2.25 0.25 0.0 -2 0 0 0.75 0.25 0.5 0.02
0.03 2.25 0.25 0.125 -2 0 0 0.75 0.25 0.625 0.02
0.03 2.25 0.25 0.25 -2 0 0 0.75 0.25 0.75 0.02
0.03 2.25 0.25 0.375 -2 0 0 0.75 0.25 0.875 0.02
0.03 2.25 0.375 -0.5 -2 0 0 0.75 0.375 0.0 0.02
0.03 2.25 0.375 -0.375 -2 0 0 0.75 0.375 0.125 0.02
0.03 2.25 0.375 -0.25 -2 0 0 0.75 0.375 0.25 0.02
0.03 2.25 0.375 -0.125 -2 0 0 0.75 0.375 0.375 0.02
0.03 2.25 0.375 0.0 -2 0 0 0.75 0.375 0.5 0.02
0.03 2.25 0.375 0.125 -2 0 0 0.75 0.375 0.625 0.02
0.03 2.25 0.375 0.25 -2 0 0 0.75 0.375 0.75 0.02
0.03 2.25 0.375 0.375 -2 0 0 0.75 0.375 0.875 0.02
0.03 2.25 0.5 -0.5 -2 0 0 0.75 0.5 0.0 0.02
0.03 2.25 0.5 -0.375 -2 0 0 0.75 0.5 0.125 0.02
0.03 2.25 0.5 -0.25 -2 0 0 0.75 0.5 0.25 0.02
0.03 2.25 0.5 -0.125 -2 0 0 0.75 0.5 0.375 0.02
0.03 2.25 0.5 0.0 -2 0 0 0.75 0.5 0.5 0.02
0.03 2.25 0.5 0.125 -2 0 0 0.75 0.5 0.625 0.02
0.03 2.25 0.5 0.25 -2 0 0 0.75 0.5 0.75 0.02
0.03 2.25 0.5 0.375 -2 0 0 0.75 0.5 0.875 0.02
0.03 2.25 0.625 -0.5 -2 0 0 0.75 0.625 0.0 0.02
0.03 2.25 0.625 -0.375 -2 0 0 0.75 0.625 0.125 0.02
0.03 2.25 0.625 -0.25 -2 0 0 0.75 0.625 0.25 0.02
0.03 2.25 0.625 -0.125 -2 0 0 0.75 0.625 0.375 0.02
0.03 2.25 0.625 0.0 -2 0 0 0.75 0.625 0.5 0.02
0.03 2.25 0.625 0.125 -2 0 0 0.75 0.625 0.625 0.02
0.03 2.25 0.625 0.25 -2 0 0 0.75 0.625 0.75 0.02
0.03 2.25 0.625 0.375 -2 0 0 0.75 0.625 0.875 0.02
0.03 2.25 0.75 -0.5 -2 0 0 0.75 0.75 0.0 0.02
0.03 2.25 0.75 -0.375 -2 0 0 0.75 0.75 0.125 0.02
0.03 2.25 0.75 -0.25 -2 0 0 0.75 0.75 0.25 0.02
0.03 2.25 0.75 -0.125 -2 0 0 0.75 0.75 0.375 0.02
0.03 2.25 0.75 0.0 -2 0 0 0.75 0.75 0.5 0.02
0.03 2.25 0.75 0.125 -2 0 0 0.75 0.75 0.625 0.02
0.03 2.25 0.75 0.25 -2 0 0 0.75 0.75 0.75 0.02
0.03 2.25 0.75 0.375 -2 0 0 0.75 0.75 0.875 0.02
0.03 2.25 0.875 -0.5 -2 0 0 0.75 0.875 0.0 0.02
0.03 2.25 0.875 -0.375 -2 0 0 0.75 0.875 0.125 0.02
0.03 2.25 0.875 -0.25 -2 0 0 0.75 0.875 0.25 0.02
0.03 2.25 0.875 -0.125 -2 0 0 0.75 0.875 0.375 0.02
0.03 2.25 0.875 0.0 -2 0 0 0.75 0.875 0.5 0.02
0.03 2.25 0.875 0.125 -2 0 0 0.75 0.875 0.625 0.02
0.03 2.25 0.875 0.25 -2 0 0 0.75 0.875 0.75 0.02
0.03 2.25 0.875 0.375 -2 0 0 0.75 0.875 0.875 0.02
0.03 2.375 0.0 -0.5 -2 0 0 0.875 0.0 0.0 0.02
0.03 2.375 0.0 -0.375 -2 0 0 0.875 0.0 0.125 0.02
0.03 2.375 0.0 -0.25 -2 0 0 0.875 0.0 0.25 0.02
0.03 2.375 0.0 -0.125 -2 0 0 0.875 0.0 0.375 0.02
0.03 2.375 0.0 0.0 -2 0 0 0.875 0.0 0.5 0.02
0.03 2.375 0.0 0.125 -2 0 0 0.875 0.0 0.625 0.02
0.03 2.375 0.0 0.25 -2 0 0 0.875 0.0 0.75 0.02
0.03 2.375 0.0 0.375 -2 0 0 0.875 0.0 0.875 0.02
0.03 2.375 0.125 -0.5 -2 0 0 0.875 0.125 0.0 0.02
0.03 2.375 0.125 -0.375 -2 0 0 0.875 0.125 0.125 0.02
0.03 2.375 0.125 -0.25 -2 0 0 0.875 0.125 0.25 0.02
0.03 2.375 0.125 -0.125 -2 0 0 0.875 0.125 0.375 0.02
0.03 2.375 0.125 0.0 -2 0 0 0.875 0.125 0.5 0.02
0.03 2.375 0.125 0.125 -2 0 0 0.875 0.125 0.625 0.02
0.03 2.375 0.125 0.25 -2 0 0 0.875 0.125 0.75 0.02
0.03 2.375 0.125 0.375 -2 0 0 0.875 0.125 0.875 0.02
0.03 2.375 0.25 -0.5 -2 0 0 0.875 0.25 0.0 0.02
0.03 2.375 0.25 -0.375 -2 0 0 0.875 0.25 0.125 0.02
0.03 2.375 0.25 -0.25 -2 0 0 0.875 0.25 0.25 0.02
0.03 2.375 0.25 -0.125 -2 0 0 0.875 0.25 0.375 0.02
0.03 2.375 0.25 0.0 -2 0 0 0.875 0.25 0.5 0.02
0.03 2.375 0.25 0.125 -2 0 0 0.875 0.25 0.625 0.02
0.03 2.375 0.25 0.25 -2 0 0 0.875 0.25 0.75 0.02
0.03 2.375 0.25 0.375 -2 0 0 0.875 0.25 0.875 0.02
0.03 2.375 0.375 -0.5 -2 0 0 0.875 0.375 0.0 0.02
0.03 2.375 0.375 -0.375 -2 0 0 0.875 0.375 0.125 0.02
0.03 2.375 0.375 -0.25 -2 0 0 0.875 0.375 0.25 0.02
0.03 2.375 0.375 -0.125 -2 0 0 0.875 0.375 0.375 0.02
0.03 2.375 0.375 0.0 -2 0 0 0.875 0.375 0.5 0.02
0.03 2.375 0.375 0.125 -2 0 0 0.875 0.375 0.625 0.02
0.03 2.375 0.375 0.25 -2 0 0 0.875 0.375 0.75 0.02
0.03 2.375 0.375 0.375 -2 0 0 0.875 0.375 0.875 0.02
0.03 2.375 0.5 -0.5 -2 0 0 0.875 0.5 0.0 0.02
0.03 2.375 0.5 -0.375 -2 0 0 0.875 0.5 0.125 0.02
0.03 2.375 0.5 -0.25 -2 0 0 0.875 0.5 0.25 0.02
0.03 2.375 0.5 -0.125 -2 0 0 0.875 0.5 0.375 0.02
0.03 2.375 0.5 0.0 -2 0 0 0.875 0.5 0.5 0.02
0.03 2.375 0.5 0.125 -2 0 0 0.875 0.5 0.625 0.02
0.03 2.375 0.5 0.25 -2 0 0 0.875 0.5 0.75 0.02
0.03 2.375 0.5 0.375 -2 0 0 0.875 0.5 0.875 0.02
0.03 2.375 0.625 -0.5 -2 0 0 0.875 0.625 0.0 0.02
0.03 2.375 0.625 -0.375 -2 0 0 0.875 0.625 0.125 0.02
0.03 2.375 0.625 -0.25 -2 0 0 0.875 0.625 0.25 0.02
0.03 2.375 0.625 -0.125 -2 0 0 0.875 0.625 0.375 0.02
0.03 2.375 0.625 0.0 -2 0 0 0.875 0.625 0.5 0.02
0.03 2.375 0.625 0.125 -2 0 0 0.875 0.625 0.625 0.02
0.03 2.375 0.625 0.25 -2 0 0 0.875 0.625 0.75 0.02
0.03 2.375 0.625 0.375 -2 0 0 0.875 0.625 0.875 0.02
0.03 2.375 0.75 -0.5 -2 0 0 0.875 0.75 0.0 0.02
0.03 2.375 0.75 -0.375 -2 0 0 0.875 0.75 0.125 0.02
0.03 2.375 0.75 -0.25 -2 0 0 0.875 0.75 0.25 0.02
0.03 2.375 0.75 -0.125 -2 0 0 0.875 0.75 0.375 0.02
0.03 2.375 0.75 0.0 -2 0 0 0.875 0.75 0.5 0.02
0.03 2.375 0.75 0.125 -2 0 0 0.875 0.75 0.625 0.02
0.03 2.375 0.75 0.25 -2 0 0 0.875 0.75 0.75 0.02
0.03 2.375 0.75 0.375 -2 0 0 0.875 0.75 0.875 0.02
0.03 2.375 0.875 -0.5 -2 0 0 0.875 0.875 0.0 0.02
0.03 2.375 0.875 -0.375 -2 0 0 0.875 0.875 0.125 0.02
0.03 2.375 0.875 -0.25 -2 0 0 0.875 0.875 0.25 0.02
0.03 2.375 0.875 -0.125 -2 0 0 0.875 0.875 0.375 0.02
0.03 2.375 0.875 0.0 -2 0 0 0.875 0.875 0.5 0.02
0.03 2.375 0.875 0.125 -2 0 0 0.875 0.875 0.625 0.02
0.03 2.375 0.875 0.25 -2 0 0 0.875 0.875 0.75 0.02
0.03 2.375 0.875 0.375 -2 0 0 0.875 0.875 0.875 0.02
